95	6	72	-61	-19	4	-16	65	15	50	-46	30	92	39	18	1
-25	81	-21	56	-60	-87	-38	54	-31	73	-35	88	19	55	62	96
-6	54	-15	-9	-43	-5	79	-79	76	39	30	18	13	42	-14	14
-67	-43	-84	-19	38	19	-43	-96	11	-73	72	-92	4	-94	98	-27
47	63	-83	-85	-33	-58	29	93	2	73	98	42	94	72	5	29
77	23	-5	-19	53	-21	-23	60	76	50	60	-62	-87	-53	72	-73
-38	-59	35	64	-22	-4	64	-89	54	84	-94	25	9	-73	43	42
45	-12	-28	-16	65	52	-44	-76	-38	-66	-17	-30	49	24	33	-35
-6	-51	-49	-32	-8	-80	-96	90	-23	13	61	69	-15	-84	64	92
-33	-69	24	10	-47	-64	-58	-78	100	-5	-18	-68	48	-55	-37	15
-55	-84	-19	-84	-40	14	31	-2	45	80	-5	26	21	-24	84	79
-75	94	-85	-58	-19	-20	29	-22	37	-71	75	72	-34	46	-65	94
-50	-16	-64	79	26	-27	50	-10	74	93	3	30	-46	-76	94	-65
85	11	33	88	83	66	68	30	-52	57	87	35	-40	20	-88	-62
39	66	41	-21	-85	47	-3	16	16	99	-70	-84	99	33	-91	-75
65	82	-10	62	9	29	-99	75	-74	-50	35	74	-13	83	32	69
-56	18	27	30	98	7	-14	-49	41	86	36	-32	-21	-94	-48	93
-33	18	96	22	19	-31	-62	51	-39	-74	-85	-35	75	65	-46	2
-30	-42	2	61	28	-94	-98	95	71	-37	-61	-39	-3	-94	36	-38
65	-6	81	-6	95	48	-28	-38	23	20	44	75	-20	72	-79	69
95	-40	-82	-16	66	-92	79	75	56	91	14	-27	-69	24	-13	21
-74	-33	-1	-70	37	-21	9	-73	64	-78	-31	21	-33	-52	-91	80
80	-35	-51	39	-21	58	-35	-21	-96	73	-72	90	-23	89	33	-40
83	-11	49	89	49	30	17	79	-69	23	-3	77	45	67	30	54
-97	67	29	-49	-92	69	89	-28	35	22	-29	-78	-50	32	64	-20
-81	-5	82	60	23	1	-9	91	77	-12	-23	26	-61	-20	-46	61
-73	-40	-32	-38	-99	90	-63	-51	-64	15	51	-58	-23	83	-53	-39
-95	-67	-36	-79	-17	-37	-5	-41	49	96	73	-51	62	-8	46	52
70	65	-46	87	5	-64	29	16	75	81	-94	-93	82	54	100	91
-79	56	56	-4	35	-41	44	-22	-55	-12	44	-64	30	77	-57	37
49	40	11	-37	24	-57	89	-31	-28	-84	43	89	-94	4	-14	-32
70	-56	-88	-98	92	-35	2	-10	-29	-55	-47	-12	-98	76	-86	77
7	45	-32	7	37	34	7	-60	16	65	-74	-28	-20	22	-95	-73
-30	29	83	-23	-30	-59	-72	14	-26	-65	-84	17	-50	-10	-56	17
-70	-59	12	14	-88	84	72	100	88	85	-43	80	88	-13	-74	63
29	82	4	-40	-31	37	32	-85	-34	52	60	3	20	-40	17	-25
33	41	-35	-58	-49	48	-65	12	-8	-56	-81	-73	40	-25	2	57
52	-14	47	71	-65	-2	11	-56	81	87	-84	-82	89	76	-2	73
34	37	8	-39	-22	48	28	-55	-49	17	-30	-43	31	88	79	87
-7	-12	13	27	-69	95	-2	-33	-72	45	29	-16	-18	70	41	-65
81	-100	78	-60	19	20	20	-52	10	-47	-58	94	71	54	60	73
15	-52	98	-7	10	-76	-13	86	-20	-49	-76	30	-37	-8	79	-68
-64	-16	63	67	-62	-70	-30	10	-46	-67	63	92	-32	-21	70	-64
-16	41	-9	41	-40	-85	97	-22	-56	-65	53	16	-71	-62	-37	29
85	-87	-89	-64	13	59	-6	18	53	1	82	57	-43	55	25	-66
-19	-30	-93	-7	-100	-91	-82	51	45	74	49	25	38	90	81	-5
-6	-6	33	12	-46	-31	14	79	48	64	-38	58	53	99	41	-64
-12	90	29	55	27	28	78	5	-73	-47	-65	-68	96	80	46	21
56	4	-58	8	-80	70	16	-38	-98	87	-23	69	-38	-59	22	-57
98	43	69	3	-23	-21	-48	35	35	-98	-35	58	13	-7	91	-34
-12	33	-55	-86	-76	-19	5	94	55	10	22	2	53	-2	-24	-74
64	-51	44	-49	-26	-89	57	3	-51	-89	97	-82	-59	65	13	-85
-28	55	21	45	80	-80	-25	-24	-96	-55	26	-1	-74	40	-4	-46
16	-90	100	-11	79	42	7	17	-1	68	-3	25	46	27	-40	-62
18	-51	94	70	83	23	12	54	-3	18	-50	-16	-70	89	62	14
92	95	59	-58	-17	12	-37	-97	-5	36	94	-51	-90	47	44	54
-73	-27	11	49	85	74	88	-95	37	87	-95	-57	-69	-89	-44	68
-62	-3	23	24	-42	56	75	-26	-47	-99	-12	0	-68	53	21	94
73	-62	43	-27	13	5	84	-100	-6	84	-26	9	65	-3	85	98
-15	-51	82	-66	75	74	-76	-86	-1	-74	-24	68	9	28	13	31
82	56	-12	58	-89	-4	71	-41	-14	-15	14	13	38	-69	10	25
-77	9	-72	-28	-76	38	-27	-37	82	-66	-75	81	31	38	94	80
97	-55	-99	25	-48	-99	49	-28	94	-65	-72	-30	-81	16	58	-51
-34	-58	-73	60	75	67	73	26	-56	-62	-57	-61	42	93	81	-33
-84	-74	26	28	12	-55	-48	-47	-45	18	-92	9	-82	-79	36	-87
-69	-97	-86	-50	-82	76	-29	-3	26	-59	46	49	59	17	-35	-34
22	17	-29	21	35	-33	3	-60	89	-9	93	-54	40	47	-32	-89
-32	-95	-8	70	30	-6	20	81	-39	89	69	-88	-36	52	-96	-71
96	-35	-7	99	-30	-26	-11	-74	-31	-39	43	-32	-85	-97	-62	85
21	16	-11	-73	91	57	26	65	-30	-41	-68	-88	80	68	80	-32
-72	-65	31	72	-21	-91	-30	-61	17	-7	-88	-64	-93	54	-66	-91
19	26	76	52	9	71	76	38	-78	11	-55	75	-100	-3	-14	-7
20	63	-27	-23	46	31	-19	42	-1	38	-96	18	93	79	-73	89
-68	-6	100	-35	-88	-44	-61	-40	-80	97	36	-25	14	42	-8	-59
-63	26	86	-19	74	-93	97	89	57	28	81	-27	82	-98	93	48
-7	-23	49	-13	72	-92	-75	-11	-77	32	4	8	80	-86	80	-87
72	57	-79	-33	58	33	-93	-59	26	-29	68	-51	-82	42	-94	-94
-41	63	-21	-81	-53	66	9	37	73	-32	46	35	-94	36	75	-62
-100	-5	-74	-17	-97	76	78	-97	28	94	-22	38	-97	71	80	2
-59	17	84	94	-3	-75	-21	-61	78	97	-62	98	53	-92	93	49
-54	2	78	-50	39	-62	-46	-97	32	8	95	40	66	-18	76	-43
78	8	39	-29	-71	80	-66	-32	27	84	-70	92	-29	-77	-36	31
60	3	-73	69	81	95	44	7	-4	98	-96	42	-16	-43	43	-70
20	-3	-73	1	21	-32	-25	-89	-26	98	63	46	-62	43	-9	21
-74	57	-72	-16	76	-45	42	24	-33	46	-9	77	66	-78	-1	62
-84	80	-25	-10	83	4	-8	-67	-81	69	-44	-35	80	-42	-80	43
-42	16	11	-27	-77	-90	76	87	-27	71	-34	87	55	-62	-43	-35
-14	71	23	-7	-63	53	-28	-68	85	48	-41	79	2	-92	100	-96
5	-98	-16	34	-19	99	-44	38	-39	-54	-25	-87	1	-27	74	45
88	11	42	84	-56	-17	-85	-52	60	-93	92	1	-47	-54	-48	62
-60	-90	-26	48	6	41	-30	32	13	-64	86	79	-36	-74	-94	73
-27	-8	51	23	-3	-30	23	-63	0	63	45	51	54	-52	-99	94
28	53	22	-99	-32	64	21	-8	6	-78	3	-46	99	-22	-33	-65
55	79	76	84	-42	60	67	-90	-94	63	-35	-14	-6	18	56	-37
-97	96	-72	-57	71	7	56	-19	-92	61	-25	32	-15	13	45	33
48	13	6	42	32	-53	67	71	-34	59	56	13	44	-20	-92	-51
-83	44	93	-46	-84	-8	84	-8	-87	-36	-71	-44	21	-73	-2	-32
87	37	-64	3	64	-67	63	-67	21	-78	-46	-65	-40	-100	-59	22
1	-94	56	-15	-5	6	-75	65	-49	-18	98	-21	-56	-45	-2	-1
66	88	26	12	-82	-67	-27	-18	43	-26	-23	80	26	-37	57	5
34	-32	25	-16	75	-21	52	-35	-16	-74	-43	10	-84	61	5	50
-77	-17	-88	-21	15	-46	96	0	-46	63	11	-73	-84	52	78	-44
-87	-5	-20	61	-71	42	27	-15	67	42	-36	56	93	99	-36	-51
-100	91	23	37	65	-94	-76	-79	8	1	-67	42	-35	72	-10	-4
-26	37	-97	-42	41	67	46	-75	-38	-67	6	-99	-16	-52	32	-88
76	59	87	-6	-97	-67	89	-57	60	-11	38	-52	14	-62	-77	-29
65	81	-16	-70	34	-99	-6	-48	84	-49	90	46	-39	-43	-79	89
63	-74	35	92	-2	88	69	33	51	56	4	67	-33	84	-38	9
-25	92	-56	-24	-95	99	-91	-6	94	-69	-98	-52	77	44	-54	-55
72	-33	-94	-71	-77	-64	-7	84	71	-92	43	-59	47	76	-15	-73
28	49	11	-13	-98	-45	84	-42	-47	16	82	-10	47	-93	42	-49
58	-64	98	-48	-11	-27	-32	73	-22	66	100	50	-11	85	22	-86
-22	-20	96	50	-81	90	9	-54	56	-89	-58	-69	90	-25	-60	-85
35	15	1	-47	40	-86	82	77	-99	-36	32	57	76	-77	79	22
33	34	29	-34	-47	76	43	-31	-90	-88	-64	42	5	-14	-61	38
25	96	41	-5	17	-46	-23	62	40	-48	3	-41	-17	-83	89	89
24	76	17	-21	-72	22	24	23	-73	18	7	-59	13	-59	70	84
-47	-77	38	-7	-44	-68	16	80	18	-12	3	-59	-62	-10	-38	-57
-43	-41	80	1	19	90	-71	-19	-75	2	42	24	35	-40	-44	30
-88	44	-53	-7	93	-15	44	75	-83	-90	66	72	71	-77	56	59
79	81	-34	55	-80	12	47	23	-97	-44	-49	57	47	39	86	-14
55	-27	-90	-39	74	46	43	-11	-65	66	-78	97	-25	-85	-73	-66
33	75	54	17	72	-45	19	-57	-73	-34	34	10	-81	-37	2	55
25	66	-56	-58	19	48	-59	45	-83	-68	76	4	-53	75	33	56
-27	13	40	99	-1	64	31	-48	-53	-43	76	68	-84	-44	80	19
59	-96	-28	18	-7	-36	41	-88	6	73	62	83	52	13	52	41
1	-99	-76	54	53	83	46	48	95	31	-58	-81	-40	-15	-96	73
70	-35	66	-13	-56	16	77	-24	1	65	13	-49	22	-100	22	-63
97	-13	-26	-97	37	29	-41	69	-85	83	35	42	-2	72	76	93
42	-25	95	8	-28	9	35	-49	-81	60	0	30	39	-22	11	-63
73	-45	66	-65	64	-20	-15	-11	-34	-83	17	61	64	57	92	4
44	-52	-50	62	-61	3	-21	41	100	-4	-81	33	79	81	-62	0
-33	32	16	-81	-68	-70	44	-63	-15	65	-3	62	41	26	-84	-66
22	-100	-86	-98	17	-100	46	74	-61	-66	-55	19	44	37	-21	53
-57	23	19	-72	-59	33	-71	48	90	-32	-68	-70	11	-44	13	-79
26	-37	-68	-29	-32	23	84	83	-32	76	-57	100	-4	-41	39	-35
-58	71	46	16	47	-22	-70	87	73	11	-73	-91	7	-34	39	-34
-8	-76	71	51	40	35	90	-67	-100	-6	-42	83	11	63	-50	-51
-4	-67	82	-40	89	76	94	-8	-75	10	-6	-73	19	18	33	34
64	98	-62	51	-84	59	-55	-39	-5	26	-76	13	8	45	-92	71
33	22	97	-42	90	83	-94	56	-85	-55	-24	-10	46	98	-91	-28
64	37	-96	28	-22	69	-27	-17	85	3	-56	-13	-32	-14	6	-71
42	-89	-30	11	47	-90	58	-75	15	67	59	-3	-67	75	-56	73
69	72	21	92	16	-29	-5	-8	-14	23	-33	-7	-88	-96	6	35
100	50	92	71	91	-99	-3	-83	-13	69	23	28	65	29	99	-35
93	-93	4	6	-4	66	58	-44	90	80	60	-97	-69	-83	57	75
-7	-83	-35	-63	-79	61	-78	90	35	12	75	-27	54	50	-61	12
-70	-52	-73	94	-81	-13	-82	3	-1	76	-49	56	-24	-60	-37	-99
94	-23	-56	-20	-55	19	24	39	29	16	23	-94	55	54	-20	18
-89	78	-5	-70	-37	-44	22	30	33	38	35	36	-55	-59	83	-73
-9	-44	-18	-86	17	8	-6	52	21	75	-63	57	-34	100	63	81
-80	26	46	-88	-90	41	-99	-43	37	63	-35	89	1	49	-42	-55
1	-7	-19	20	56	90	95	94	71	-5	-27	13	4	35	-96	34
21	26	-1	2	-44	-24	56	-100	49	-49	52	-95	-6	98	42	86
-62	18	-32	83	43	-54	23	11	-55	29	-36	-53	-50	-60	73	-83
-48	0	27	-52	-74	92	13	-43	-86	-96	-33	-92	-48	-52	-33	47
86	11	51	47	-12	41	-24	-12	56	63	43	-83	-60	35	-66	-52
56	-43	-10	-40	91	82	57	-31	-54	-6	-20	57	12	43	-94	-9
73	-2	-98	83	-78	36	-72	-86	74	-2	18	14	68	8	-91	88
-81	15	-36	43	1	-15	72	90	39	-99	56	-27	-77	37	-50	47
96	-71	25	-79	22	-17	12	45	89	-6	80	-9	63	-94	-51	94
19	64	75	-25	91	53	36	96	-66	59	3	27	-17	-76	34	-29
22	53	-89	49	-84	53	-42	35	22	-46	32	50	43	-89	71	-62
-52	-85	-14	49	-46	-67	-68	73	18	48	59	-51	35	-62	99	2
-70	-73	-64	62	-63	21	-70	81	-83	-33	-3	-12	97	65	-31	81
65	84	-46	13	84	-79	57	72	-91	-63	-62	-100	51	-23	15	78
60	-5	-63	33	-68	-48	18	-94	32	-58	-2	-50	9	93	-81	41
-56	-42	14	-95	32	54	-61	-15	30	94	-73	48	58	-88	38	55
10	100	60	27	70	-52	70	-69	49	27	-39	37	67	-50	-66	-29
-51	-61	-89	-9	-47	-65	-31	30	-34	-52	50	71	93	24	77	91
-100	71	-71	71	-20	-95	-72	17	-15	20	-50	-79	-7	-16	-70	-22
-63	-42	97	37	82	-43	40	-62	74	22	90	-18	70	-52	73	-2
-94	30	56	-12	29	55	-91	30	-44	-63	-46	-56	13	-80	-54	-91
52	-67	-70	39	14	-50	94	-24	21	91	57	-44	-95	0	95	74
29	-24	-71	54	-48	19	97	-17	55	36	35	39	38	-5	-78	7
35	52	43	-98	-77	-89	83	-46	54	-43	34	-71	17	-64	-20	62
36	89	-16	86	93	60	17	-56	3	-28	-90	-7	41	-26	20	6
-91	-80	8	-55	-57	-59	54	-64	-62	-3	-13	-12	-74	45	-27	-65
-36	76	-85	-10	31	83	-90	-88	89	97	-94	-100	-14	91	-29	77
68	-23	24	-91	-100	-80	3	40	-76	95	82	-66	57	67	-22	-61
8	-5	88	28	-5	-49	-70	92	58	-68	66	21	-91	33	-23	74
-9	57	87	-13	-68	-94	-58	-44	-83	-63	-70	-85	-94	34	9	-23
-39	-90	-83	47	19	-19	-50	71	87	-60	51	79	-21	-97	-23	75
82	39	-12	14	-50	56	81	-78	-44	-65	13	-67	-89	81	-60	67
44	39	-41	-33	18	96	43	76	47	74	78	-61	90	20	-32	-80
-77	41	65	-10	-72	-40	-33	91	-28	63	-29	-36	88	-14	21	-26
-48	-69	71	-11	-14	58	78	1	-18	19	85	-67	58	95	44	-99
21	71	99	-79	91	-42	78	-11	80	44	1	27	43	13	60	68
50	-62	82	85	-95	-89	97	-14	-23	-57	-95	8	-54	-29	33	82
-91	55	90	-66	-62	-34	90	0	-37	-67	21	-46	36	80	76	-80
-93	87	-43	-52	-58	9	-27	-33	66	-37	78	80	-88	57	17	5
85	-98	-33	-45	-18	-86	67	-45	29	100	30	37	-90	49	-27	76
80	-26	-22	-95	67	-98	-69	36	-78	-82	-88	-10	26	46	-76	60
-30	42	61	25	38	0	-48	75	-35	48	81	29	-71	63	-9	-52
-18	-38	11	75	58	25	-39	38	-60	16	-3	-79	-7	-43	18	79
-77	-62	44	-94	81	20	-93	50	-10	99	13	10	75	-64	7	46
81	-17	-66	-88	-58	34	-38	-30	11	-82	43	32	-58	-91	71	-38
95	0	53	2	87	-12	35	28	61	-2	62	-96	23	-75	44	70
-52	-81	-9	-43	-92	16	-50	68	-28	37	88	-51	-85	86	29	58
-92	47	-57	82	14	-74	33	-97	8	47	56	91	-5	-10	95	45
-94	75	20	-69	41	-80	96	81	4	-48	-50	-61	17	55	96	9
-24	51	98	-47	15	94	99	-67	27	93	50	-63	98	4	64	-4
-9	-45	99	36	-40	-37	-44	64	37	-63	32	64	-48	33	-30	-39
-45	7	-55	-13	-23	-11	54	-42	59	57	-55	-19	48	71	76	75
88	84	-26	36	-68	-87	85	-37	48	-2	-5	-55	-54	-10	85	94
-48	49	-79	-55	1	42	-19	-35	61	33	29	-18	-67	-30	-43	-19
9	66	-2	56	19	-94	-53	92	-2	58	21	-64	68	59	16	-63
89	-25	-39	-76	-19	20	-36	49	77	80	35	-30	17	30	6	16
-20	30	-68	-11	95	-18	-84	-32	-1	78	50	-68	60	0	7	-20
-65	52	-97	-71	-36	18	4	17	-61	73	68	70	39	-65	3	97
-70	24	-66	32	-83	97	-72	58	-1	92	14	2	65	44	-10	34
34	-13	7	63	-64	-78	-59	-36	-48	54	-60	94	-51	58	24	77
88	-40	82	52	-64	-37	-86	7	-97	22	64	63	37	-25	-40	-67
-29	-78	28	-30	-51	66	-89	84	80	-74	36	21	-16	-43	48	-80
63	-64	76	-59	-12	-21	76	-23	-9	-8	5	48	40	36	-11	-87
28	-22	93	29	88	86	68	-98	-12	-57	47	-18	-70	-65	62	70
100	-8	16	26	53	21	7	75	66	49	-89	-47	75	5	-27	49
58	23	14	84	-43	-8	19	-84	9	-24	-41	-74	93	38	-1	52
57	20	88	-74	80	44	-71	-77	55	10	-93	-47	-65	-42	49	30
23	93	-68	53	63	-9	-26	-14	15	83	86	-11	67	74	71	51
-50	31	57	68	99	38	82	63	1	-69	-1	44	94	-38	80	-68
-54	-18	-55	-21	85	-67	-78	61	100	-30	-32	18	-85	-23	78	-96
74	-78	-20	39	-78	-32	97	77	49	5	18	-2	42	66	66	15
38	-65	-41	-89	-80	43	79	-29	6	-54	97	83	-91	22	7	-75
-66	-31	-78	-36	44	96	53	-26	35	-86	85	-40	71	-15	-61	-51
-33	-95	-67	-15	16	81	-67	-57	-71	8	-23	-86	-30	88	67	-68
-53	-9	-49	-67	9	40	36	87	50	73	-6	46	-79	-67	34	-94
-24	80	97	80	51	-3	95	44	81	-18	51	76	21	-18	-70	-91
-40	-31	-64	-81	-72	-86	-86	-44	-82	65	-38	-54	8	-67	63	-73
-41	-99	-28	-30	100	68	-20	4	-44	86	-7	42	-60	-53	-94	68
-7	-60	-35	54	95	-84	78	52	-73	68	33	-84	-88	-7	-77	-31
39	-33	26	-4	96	-54	54	-27	100	-7	-65	-12	-48	88	-92	53
-59	-43	-70	32	57	-53	-21	-79	31	-17	-96	55	-17	0	-100	12
14	6	-17	17	-90	63	93	2	89	93	-81	-71	87	-78	-38	-46
-69	-41	80	-59	23	52	72	-2	4	-14	-56	-44	-5	-52	-40	-75
-36	98	3	-42	22	39	83	47	-91	-4	14	96	29	58	-69	-42
18	-41	24	-87	20	-44	-16	-51	-95	-2	33	91	-2	93	30	-56
71	-72	82	-26	-62	-49	78	3	-25	-20	62	29	71	-33	79	28
43	-95	2	84	4	36	90	-9	53	-49	-58	79	36	78	-25	97
-79	33	-55	-90	-56	20	-97	67	96	70	-77	-81	36	99	75	94
-77	6	-46	32	-50	-31	4	50	-48	83	-91	-39	-42	45	98	1
85	-72	-96	93	51	47	63	-75	-24	5	-47	-27	33	-100	-76	72
16	81	54	-73	62	-24	52	46	0	70	-13	-59	48	-82	-72	29
-88	-18	7	-7	54	79	24	53	15	-34	-11	42	60	-31	-89	-79
-69	-26	-51	17	-61	-99	94	-58	5	70	14	21	-100	-48	-70	-63
-100	-7	-75	47	96	-40	-32	-87	-9	80	21	-78	-2	44	57	-17
-65	-96	-40	9	62	0	-70	24	-2	-94	-61	-73	-71	77	95	-48
-14	32	-19	-16	74	21	-22	25	56	-62	-66	-7	77	-10	93	48
40	-94	4	-19	-51	-68	62	-11	81	48	9	54	-75	8	-38	6
16	-44	-76	75	64	92	-9	-84	69	91	-36	-30	38	34	85	51
-13	35	45	-89	-65	-64	-66	-24	-77	6	21	-9	-19	-22	-55	-33
-39	-34	-23	15	-98	30	2	100	76	6	-4	-75	17	34	5	19
-96	-63	-20	-24	-33	-58	-21	-62	-39	14	-67	-14	51	-21	-78	2
-75	74	64	-1	63	-34	-61	56	35	-26	-21	75	-42	-26	15	-87
-80	0	-41	4	5	-36	-21	-70	4	-14	-92	-3	81	-34	-31	70
23	65	15	83	32	71	-47	-55	13	12	61	48	-74	58	37	-49
3	-33	13	0	-11	-15	-48	-5	76	92	-61	12	-38	60	87	24
38	8	-80	-5	-46	83	-79	-2	4	46	15	7	58	-21	54	89
31	57	52	12	-68	-2	-54	45	-4	85	-34	-35	63	93	9	44
-57	11	40	6	-60	-80	25	-82	81	22	-74	32	46	-96	90	-17
-79	74	-35	-52	-61	36	-77	67	-5	33	83	-64	-62	96	-6	84
81	-17	-51	17	15	71	-36	40	3	22	63	-67	14	-98	-36	-44
23	-67	-50	33	-81	-98	-81	-54	76	40	-24	-88	-13	73	-9	84
50	57	95	-15	-71	-2	-59	43	-14	83	48	-96	13	-65	-78	80
84	-65	2	-82	56	-9	11	93	25	83	-60	-97	-67	39	55	-74
69	-90	-74	-83	90	81	-41	33	0	72	-96	65	28	66	-42	55
-29	82	4	73	98	-48	-92	-8	-95	-1	-96	77	81	-95	-49	6
44	82	-88	-2	9	-99	5	60	-51	50	-23	97	-3	-38	-44	-84
-89	0	62	-53	49	10	50	60	-19	-23	-97	94	-67	-77	49	12
-41	59	81	80	61	40	98	-57	-25	-18	-84	-1	44	99	-30	69
-31	-99	-88	-25	16	26	-96	85	-65	91	-36	35	-36	36	11	54
-52	-12	25	-37	-18	-57	-11	32	-45	-71	35	86	-83	-50	62	29
-53	-90	-82	-13	25	82	-24	37	-56	36	-74	-60	-27	3	70	-36
59	-8	-76	24	49	-91	-88	94	29	-14	-64	23	-1	-89	65	28
-74	-19	71	-8	-85	95	-2	-22	-4	-58	-97	-64	57	-12	29	-91
-10	87	-7	35	24	-62	30	82	94	19	-88	73	81	87	-99	22
9	-22	39	77	-92	99	26	-95	47	-38	27	-33	40	-51	49	-60
-12	-78	18	44	-79	76	-92	-85	-72	-71	67	22	44	22	-8	28
-86	60	44	78	-57	83	28	86	-10	37	-50	67	73	-80	-29	-35
72	-81	50	-53	15	1	-13	59	62	51	52	56	15	29	65	-66
-28	91	53	-27	12	-12	88	51	-23	32	-66	-49	55	-82	-47	-45
-62	-9	87	46	30	-100	-4	-74	-10	51	20	25	-16	-59	-32	47
-23	7	-75	-44	-25	88	50	-79	46	30	66	-81	1	42	-17	37
-36	-93	-64	-50	4	-91	93	-41	-78	-97	32	95	-45	-23	-69	22
-71	-34	56	95	-20	-54	-90	-5	-63	80	34	27	29	16	-28	-39
72	-39	-31	5	83	71	-55	-7	9	30	39	82	-42	-78	-76	-31
-72	-88	-33	-29	67	-78	15	-99	60	81	81	-53	17	-42	-72	75
-35	13	42	-61	78	-92	24	-81	-75	85	-63	-2	14	-92	-36	79
-83	-21	-36	28	-31	-26	-15	-98	-22	-1	68	80	-39	32	-25	-52
63	-16	22	-87	-1	22	-76	-44	49	14	82	-54	-16	-15	-14	52
-74	-46	65	-72	-4	-95	-54	73	75	63	-75	53	-22	-29	-60	-34
-89	93	80	46	78	74	44	64	74	47	91	16	-63	-59	-18	72
20	-69	-82	79	-71	-97	-37	80	-95	55	-63	12	27	68	-83	-18
-67	13	-60	-12	69	-77	68	50	39	74	-39	38	9	-16	5	-19
93	21	-95	-45	-32	-22	24	-8	-43	12	86	-72	90	-79	-4	79
-24	-15	-41	38	-25	-83	20	16	-19	70	49	-38	37	82	18	-7
-23	95	74	-29	-44	40	-43	-10	44	93	-69	34	-74	96	12	-38
-75	24	-43	-30	-63	21	-74	-86	42	94	-82	41	9	77	-92	-73
-78	-62	-29	-48	42	24	-68	76	-60	-6	63	73	34	-30	-80	-88
-53	75	15	57	41	-19	56	-52	36	58	60	88	-88	-16	15	-26
-12	14	95	-8	69	-77	-14	41	6	69	-41	75	93	26	7	-87
-43	87	37	62	-75	-40	45	-31	-88	19	-55	75	26	-97	42	92
-44	13	56	30	-55	-61	83	65	-15	29	-39	36	-63	-89	-93	51
-33	-100	55	-43	28	95	68	21	-44	-98	75	-48	-17	-22	68	-70
-5	23	-2	-33	-91	40	82	-37	80	63	74	10	-86	8	-8	-23
29	87	0	58	-2	91	-29	-74	15	58	68	-22	9	-59	97	-90
-12	-20	-24	49	-2	-97	70	79	-88	6	12	-50	52	-24	-75	68
-96	-21	93	57	-20	-68	66	61	67	9	-88	-97	-83	-35	6	-7
-99	81	-89	-84	59	71	-12	-13	7	77	65	-73	-34	81	-4	-20
-96	-25	24	78	-35	98	-53	-41	51	-81	26	100	-86	57	-97	-11
99	12	34	-81	60	85	74	-28	-78	-33	25	93	-90	-71	-53	26
92	-56	-97	-11	58	21	59	49	95	11	-47	-95	57	-89	90	-21
-54	-4	64	-20	-13	46	55	34	7	-67	-32	-64	27	81	-82	47
67	-15	11	-39	-58	24	-63	-36	-22	-16	-52	-20	0	36	-59	-15
-74	-68	12	22	-18	5	-24	-4	28	-21	52	-97	92	-6	-64	-66
38	25	53	75	-30	-53	36	-31	-12	22	-52	92	27	97	42	-60
95	-91	63	-52	-97	-43	-69	-43	-77	-89	42	61	90	6	-70	17
73	-21	-86	29	2	83	-31	3	-74	-50	73	23	-60	-53	87	-34
-37	50	13	-73	91	34	62	94	-11	-39	-78	97	95	-79	-80	-45
44	-41	-72	88	-16	18	-94	-13	-80	50	-4	-31	-79	4	-70	74
-28	-18	68	62	91	-58	-27	11	-28	16	-52	73	71	58	-81	-100
-52	6	-68	68	60	75	93	68	-27	24	-96	-86	-94	-95	63	-17
36	-40	-41	29	24	-69	-2	9	-50	54	-14	-7	82	77	-67	-42
-35	-58	95	-46	65	66	-71	-16	-83	-98	33	-96	-46	-9	-53	-6
50	1	-21	-6	-8	82	93	39	16	-100	60	-46	-62	-26	23	30
-7	61	38	-63	-12	72	-59	50	49	-38	84	35	-58	98	34	-42
-64	60	99	-47	58	13	-68	-27	-64	-28	70	9	11	16	-9	-83
81	-41	3	-34	-6	-51	-70	-3	-13	-24	-52	36	44	42	34	47
-96	-28	-40	-72	-68	57	-64	-28	-88	-78	-78	-46	64	-16	-5	45
-89	-45	9	4	95	-98	34	72	12	-80	17	95	26	-67	58	42
79	-76	16	87	42	64	-43	-69	86	63	-12	-25	-33	-98	-81	-17
-78	-7	64	82	73	72	74	-66	72	36	69	-7	-15	51	-99	57
-37	74	50	52	96	28	-28	-25	13	9	26	14	85	-15	-10	2
0	-83	59	-79	94	-84	-6	-11	-17	4	-67	95	-49	11	45	-16
-60	72	-27	-19	-57	80	-90	55	54	-4	11	45	0	31	17	-38
65	-57	-20	27	66	-43	-82	16	-12	-66	-32	98	98	80	-75	29
-55	77	82	41	72	89	3	32	-35	82	-83	93	-1	40	-75	12
-54	2	-13	8	-15	-97	-26	95	68	93	-44	-92	-100	-36	-16	-4
-48	48	60	47	30	-95	-63	67	-94	-50	42	100	-73	-63	-78	28
-56	79	39	-87	33	-5	34	78	-2	-2	44	70	-19	-4	88	33
-7	-47	38	97	-60	54	-26	-33	-82	63	95	-46	-63	49	49	34
-80	-100	-21	-47	28	-9	-40	4	59	-95	-28	-2	-53	54	-43	68
-90	-69	80	-27	42	65	-4	-51	19	-54	-10	-78	-59	-73	-21	-85
100	33	23	70	-45	-65	97	60	97	-2	-33	38	12	62	97	-80
50	42	18	-52	-97	76	76	-69	83	46	-38	-9	-19	35	-12	26
-32	-92	-70	58	-11	28	44	-61	71	-35	-95	-61	59	21	-20	-79
-84	82	-93	-12	53	-40	-14	-48	5	45	-61	83	-56	-13	83	18
-20	-89	-23	84	-28	-41	80	30	75	-73	52	-92	5	-81	-87	97
42	23	-72	22	63	-21	71	61	98	-94	36	46	-77	80	-98	-27
7	4	65	63	-30	52	-10	-34	99	-77	89	-10	63	-52	78	48
-68	51	99	-57	-2	59	-88	-12	76	-15	-57	77	46	-9	93	-8
-79	26	41	54	-95	-28	-63	65	-21	-34	-69	64	-86	22	81	-49
74	-79	74	52	6	-63	35	-72	-5	29	53	35	48	-39	72	-92
-81	-86	73	-22	58	-55	-24	-95	-55	7	-94	-100	-59	53	-15	-73
94	-75	6	16	-85	-24	-7	53	3	12	76	62	66	31	3	-99
6	-19	-13	-63	-10	43	67	57	-50	17	-72	-47	42	4	-45	4
-81	-82	-39	89	-93	-71	-82	37	-11	85	99	83	-50	77	97	-43
-53	85	30	-8	24	-92	-88	39	57	-71	26	74	-43	-62	0	-38
-61	-57	-33	-50	47	13	-58	-66	31	52	-39	-94	-70	-29	-57	-4
-86	15	55	-96	-73	65	-21	-85	-25	-30	-10	-5	-6	-4	-45	4
-71	33	-8	12	-52	-90	-85	-80	-72	-12	12	-61	92	30	-37	-89
-54	40	-70	-54	-77	1	65	25	24	33	20	83	-26	98	63	-20
-93	-82	47	27	-63	23	73	72	18	51	19	-28	82	9	-16	87
-37	71	26	82	-93	21	-61	-41	-73	-64	20	69	36	41	-56	42
56	18	-64	93	68	21	-49	58	43	-1	88	-2	-63	-21	-21	-60
-71	93	-41	100	-80	-70	87	-37	27	-56	74	16	-80	4	22	50
-55	17	22	64	-75	-27	-4	-74	59	13	-55	46	-82	35	80	72
-4	-46	-32	6	42	-32	-72	49	81	18	-38	82	-10	-42	-100	69
-6	0	75	-41	82	-65	77	40	43	8	-31	-63	-71	88	90	-93
3	-4	65	-93	-48	-86	-9	23	-57	27	-51	-99	85	-4	-6	10
99	-50	-25	-29	-99	32	-24	-69	39	-64	30	-34	26	81	-76	-3
-86	-10	-87	-92	78	32	67	42	18	-2	26	90	-52	29	57	47
-57	13	39	86	95	-49	-85	-89	4	10	29	79	77	62	98	24
-14	22	-77	67	-50	-98	-30	7	79	-91	-40	56	81	81	6	-55
50	65	76	-59	31	44	-41	-36	88	95	-99	80	-5	8	-26	18
-68	-30	54	100	-76	96	-91	-81	-98	60	51	67	87	31	-67	-2
59	70	76	-51	61	-4	-61	43	100	-17	-49	99	99	54	16	52
-35	-24	-41	9	42	-56	44	-97	95	-1	61	-70	44	-93	-41	35
-45	63	-58	30	91	76	-57	-25	29	8	70	22	-25	-23	-19	18
12	81	30	-22	-68	52	29	-92	74	78	31	-22	-91	34	-29	-84
-73	-95	-5	-45	61	91	85	52	66	-97	27	-14	-43	-17	19	4
54	-78	-29	60	86	-39	-4	28	-53	55	-19	-9	16	-94	-66	8
18	25	36	89	35	2	62	-43	-27	64	-77	70	-88	74	-92	10
18	63	82	-92	15	34	-22	62	-50	10	70	-71	-8	84	-40	2
79	-78	-55	95	14	-32	-89	7	11	-1	-99	93	-2	-25	-45	9
99	39	27	-51	49	65	-34	95	-79	-21	-32	1	40	87	71	33
-9	-39	92	19	-30	87	28	81	39	-17	-76	-21	98	34	84	-69
61	69	88	43	62	47	60	-93	72	-88	91	63	51	-99	-20	-69
31	47	-57	-93	-80	-90	-45	23	91	36	34	16	-96	-25	73	-41
-99	-88	-51	30	-79	11	-80	32	14	-13	71	52	28	-72	-40	-47
-22	58	58	52	98	-49	0	72	70	88	-46	65	-93	81	86	75
43	0	-92	-2	-3	94	39	-51	36	-11	-96	57	-40	-44	81	-96
-20	4	99	-2	-25	44	-36	44	7	-46	-49	-27	-58	-13	-100	-33
74	-19	12	85	-47	-59	45	-55	-67	-93	31	-3	94	48	-17	11
29	-66	-95	-30	87	8	23	-83	-27	28	4	-91	-3	-61	-29	70
43	-90	-22	29	-44	33	11	78	0	-7	-39	-54	4	-91	31	-98
52	-96	-88	70	21	-66	-62	20	-70	-63	-85	3	-21	50	-74	70
66	85	-76	-52	17	59	-94	-76	-1	93	-84	-22	70	-38	38	99
-8	96	-85	-11	56	22	7	3	37	-37	28	-79	-19	-96	65	-62
-21	51	-56	50	37	70	25	-95	-60	38	-9	-6	88	92	-35	-34
55	9	75	86	56	-2	-22	-64	-29	19	49	-45	66	66	-58	-75
-77	1	89	58	-61	-85	-96	-4	18	-22	-83	-11	19	88	59	84
65	-53	-52	-13	-35	-88	-5	83	-60	-65	-2	-74	-22	-86	-51	-95
98	36	-9	80	96	90	-40	18	32	22	-39	-2	-71	-54	85	22
94	27	26	95	78	-79	-26	-21	-11	-57	-44	43	-33	87	-27	36
94	62	-97	55	9	75	-60	89	-23	-74	44	-85	57	-99	-29	-97
-33	-39	-93	75	2	85	46	23	49	-32	-88	38	38	60	37	-27
-87	-48	-43	-15	-5	-49	30	32	0	51	-94	90	-94	42	59	62
-44	-53	95	61	72	63	54	-19	0	9	90	55	13	-26	-44	50
-40	1	-32	37	83	-63	-4	-19	-30	-17	-53	3	-89	26	-100	60
67	76	-47	91	-82	-35	-7	28	40	-67	-20	-24	38	11	1	16
-4	-66	68	90	-72	90	88	-53	-56	-60	-62	61	78	-92	-19	-78
-89	-10	10	56	85	19	90	-32	-35	-53	-83	-42	53	55	38	58
-48	72	-20	-84	-31	-80	39	69	-8	27	89	68	-48	31	82	-5
13	47	-26	-63	74	-65	-20	43	-18	-77	41	36	-16	76	-5	-27
-39	-87	7	54	-29	-5	-90	-93	82	-70	76	78	-82	-67	50	-36
80	17	80	23	25	-10	47	82	10	-73	-83	37	22	50	-20	4
-68	-7	1	64	52	20	80	95	9	-30	25	50	-39	-9	-71	49
-96	76	27	16	4	-42	-20	-42	-13	30	-44	2	-10	-60	-53	-20
60	-5	29	68	15	-33	-82	-38	97	55	-5	-90	-48	76	12	35
-39	-9	26	70	-77	-40	-19	25	52	-91	11	97	-35	-53	40	36
-40	62	14	100	87	0	-46	-20	76	-3	-80	-14	67	100	-14	-99
4	85	54	17	-3	51	71	-38	-53	-35	91	-2	16	-33	-93	39
-6	40	28	-21	40	-6	3	100	-24	55	65	-91	-95	1	34	-53
85	14	75	-74	28	-55	-70	-42	-48	61	-57	-47	-89	-70	79	-66
-65	97	45	-3	-70	31	-43	12	-14	-35	64	56	83	95	-30	16
-57	-69	-39	80	-27	-86	-39	-4	-81	4	57	88	87	42	-41	55
5	-17	-15	52	44	-68	-21	1	-51	-80	21	26	-12	75	41	-78
-98	5	-41	87	45	-17	82	23	-100	-57	55	81	18	33	97	31
64	54	36	9	-60	43	61	3	71	-61	-20	-10	51	99	-8	86
-23	-32	-61	16	-94	16	-43	-24	24	-99	15	-70	42	-76	58	-39
-36	-16	-39	23	85	-76	-79	44	-18	61	-66	88	-97	31	-5	28
-48	-67	54	37	72	-62	22	-77	55	33	72	-1	-92	-84	-77	-59
-79	-100	-42	-48	-84	-1	22	-100	-72	6	62	53	-21	-24	-77	74
-20	85	91	7	68	-81	-81	33	-40	-83	-21	-99	-69	59	-10	-13
-44	73	-5	-80	13	18	1	-17	62	-73	-39	-76	-29	-28	-61	-97
-22	-92	-74	9	20	4	-2	98	46	52	-65	90	75	50	-52	-59
81	88	-33	92	29	43	43	17	-24	-61	3	-51	29	13	9	44
-79	18	-87	-67	44	10	41	61	22	-3	63	-18	25	-56	14	75
100	92	99	29	-95	-17	-54	90	-45	90	-78	-89	28	72	62	54
60	-19	-72	10	19	-30	-79	-93	-81	-48	44	69	34	37	-3	12
-95	10	91	89	-84	100	-87	84	25	-7	4	94	78	56	-13	-43
-25	41	95	-99	-78	-45	16	18	96	-85	53	42	-69	-70	-51	56
-57	-9	-55	10	60	87	-89	-87	72	-66	73	-62	-36	66	-81	-86
-54	30	-42	88	-14	-13	-61	31	-54	-42	-60	-46	-50	-54	76	-74
68	64	13	-2	-14	-87	-7	66	80	7	42	6	-91	20	-24	-8
-8	-96	79	73	-16	-94	-90	83	-30	-40	51	34	-24	-88	-62	11
-95	-2	-18	-98	98	-49	43	-21	19	60	-7	-14	-68	-50	-9	3
-69	-88	91	78	-68	100	-12	-29	8	-54	89	1	57	-20	-27	-47
-31	-4	-34	88	-2	26	84	-30	-27	87	-6	29	53	95	26	27
63	-52	12	78	-40	-80	76	7	67	-88	40	92	92	-65	56	-100
14	-80	-97	90	11	21	53	85	-40	7	-66	-89	8	-48	32	-8
66	89	-36	50	-31	-98	-97	16	-71	-31	26	-6	96	-75	-75	-10
62	29	-1	-38	-29	-84	-53	44	-85	0	88	-38	60	12	45	2
-94	-32	2	0	24	-79	24	-19	-57	-54	5	-55	-59	46	44	-7
-51	92	29	-29	-16	-85	28	77	-50	-10	-30	-22	54	90	-98	7
38	-84	-52	-46	-21	3	-70	12	-73	26	20	43	2	-23	-65	79
-63	98	-16	-58	92	-93	98	84	-71	54	-53	-53	75	-33	-85	4
75	82	-70	-62	81	-86	8	38	73	15	-51	27	-5	-42	-81	75
59	26	70	-26	88	-21	70	63	95	40	96	-43	-61	-59	-44	7
79	21	-97	35	-65	-95	-88	3	17	8	68	-42	28	-88	81	88
-20	72	-64	-50	17	-66	-17	-86	-28	-2	65	6	-55	26	79	-87
97	48	52	-48	87	-13	-15	-88	85	25	-61	-97	80	89	-15	17
70	-12	-54	5	76	77	-86	-30	-100	0	21	94	-19	25	-58	65
-41	36	18	30	-27	98	-95	24	96	-35	85	-90	65	88	-52	32
65	27	-99	15	15	-3	-9	-53	91	3	-12	60	-58	35	80	-65
-68	12	-35	72	97	99	58	64	75	-25	-37	27	86	-12	93	12
22	-83	33	91	-14	68	72	-95	89	-49	49	-41	-54	1	-44	-47
61	-89	19	76	-32	-76	23	-66	-96	-28	-78	-71	-66	-36	29	-24
-68	-46	-51	-74	-67	92	-51	94	-27	-60	61	-34	45	69	72	91
26	-79	-30	-4	-1	-32	79	81	-82	-34	-82	-22	-85	19	-71	26
-66	23	-77	19	-7	-61	-16	95	78	-45	72	95	-52	-10	14	77
-38	-81	-16	-85	-24	60	-66	94	-37	-94	10	-89	3	42	9	83
-34	-33	-50	71	58	-35	-77	76	-97	37	-30	-89	80	90	-75	-88
49	-13	40	-94	-90	-71	75	-25	79	42	26	13	44	1	-54	87
15	13	43	2	-63	89	-92	-28	-74	94	96	-66	51	51	-20	19
27	-30	51	-99	-89	-38	-72	21	-73	6	-22	94	-63	-43	-62	-71
-61	-84	23	61	-69	-98	87	82	-25	9	-94	33	66	-62	-19	-1
-9	-22	5	-88	31	39	-75	-22	56	-80	12	63	-20	18	12	99
85	74	-29	23	-5	-30	-38	94	-48	-88	82	61	-43	42	-37	-54
-91	-82	92	16	-21	-93	-80	70	-94	85	31	50	31	54	-69	-10
-46	-93	5	-49	51	78	32	-78	73	-89	63	-91	83	-11	-87	10
-2	-16	-64	-10	61	-65	-2	-42	-71	55	26	20	-10	83	13	-44
81	100	-100	46	86	-46	71	-73	58	6	100	70	98	-12	-44	-98
86	29	-57	-83	-2	84	96	-40	-97	-18	88	55	-77	-88	-62	-18
-92	-45	-64	-22	98	29	-8	4	-97	96	73	64	99	-46	46	-100
36	-10	-92	82	-54	25	-21	-42	9	83	79	-8	81	-22	93	-5
26	-18	-45	99	75	34	71	14	82	-46	-58	-9	-21	33	79	-90
-5	89	-63	-36	-83	14	-9	23	-92	-57	50	73	-31	38	-82	85
-86	7	87	-88	86	43	55	-95	91	-76	-25	-39	-2	81	-23	-41
-11	-100	-25	63	43	82	56	-2	81	-21	30	-49	94	-18	-51	10
-91	97	60	29	-62	3	73	-12	-48	-28	-54	25	62	-67	98	-56
-59	-79	-53	96	52	37	14	66	2	-32	5	-93	24	-4	-26	43
-40	22	91	-5	-42	-72	-91	22	-50	38	5	-53	64	-7	81	18
17	27	-74	77	-47	93	57	-57	-23	40	-76	-100	96	-30	2	7
78	-80	-92	-66	-65	42	-13	-51	86	23	17	10	-89	67	17	66
-23	59	18	23	51	42	-56	-92	-91	-15	0	17	-24	78	98	86
-9	45	-17	-83	-49	-9	-69	-57	-35	87	-77	-82	24	-22	-31	-50
55	-44	16	-24	-28	76	-66	-77	-71	-56	28	-32	-45	-97	-16	32
60	-37	-28	-37	-32	24	36	74	52	-57	-68	-40	-8	-5	-80	5
-37	71	-86	-60	-56	-6	88	97	44	15	20	19	-26	-89	-64	-30
-5	69	-65	0	-9	-11	12	-69	47	76	90	51	-66	95	27	-74
2	8	-19	-33	71	34	-62	-97	76	-77	78	53	22	22	-7	-83
70	-82	83	23	64	-77	76	-74	100	99	-38	-86	98	89	57	-57
42	-66	-51	-56	96	2	48	-38	-96	-23	-49	82	-100	-69	-60	83
10	-98	46	91	93	-42	45	-81	-75	-2	25	-32	-84	-41	-100	41
-91	-21	-31	96	43	-82	-50	65	-87	-15	2	5	84	-20	-75	96
-67	5	89	96	94	-18	57	-90	84	-1	-69	0	-5	98	-64	97
-29	1	84	2	67	-44	-4	-30	-69	71	-79	-11	80	-58	8	-38
87	-63	-42	21	33	63	-91	-86	29	-14	43	98	-83	-24	-78	-42
