38	100	-29	57	-9	-2	-60	-84	-58	-38	83	-22	-95	-90	-38	10
-22	-49	36	-37	-50	-82	20	95	16	-56	33	-3	85	79	-100	-45
-97	-35	-83	-86	48	-28	32	52	15	94	-91	-97	25	-59	-40	51
15	77	-15	88	44	-76	45	-2	72	94	4	-77	77	-35	79	-39
6	-87	-73	34	13	28	81	-5	53	15	47	-82	-3	79	75	9
-27	-97	-38	95	43	-84	1	-46	-3	-55	-9	-100	-94	-24	-54	-95
79	-6	-63	99	-50	-84	-12	-87	65	-12	62	55	62	-96	-85	21
85	62	100	-33	-43	-41	29	-4	47	74	28	-51	-61	19	66	-76
-85	-82	-44	42	90	-60	1	14	97	69	61	-47	44	39	32	-78
12	-13	-89	61	-73	99	-72	-93	-44	-24	-18	-43	-86	-77	2	62
-84	-90	-39	8	29	54	95	64	27	92	-95	-19	-63	76	76	-76
8	-98	96	-31	18	96	-10	59	24	58	-26	-70	98	47	-78	78
-91	35	55	67	-82	0	45	-2	-25	21	100	-59	20	92	16	-85
-18	-73	78	-82	39	-53	-27	18	82	42	-94	68	74	-86	-59	52
65	71	18	-63	-2	2	98	66	-54	-66	-97	27	15	-99	-60	45
45	-26	-29	-47	11	70	52	21	-29	-84	25	-6	64	-26	-24	54
-87	-56	-26	25	20	54	-59	-14	72	-99	-38	-39	-68	85	86	-90
-73	-46	-54	22	16	98	96	-55	-2	17	-57	-82	23	44	8	-62
60	73	-2	20	43	100	-78	27	-15	61	-79	-58	-14	12	91	-60
-41	4	88	65	-34	37	19	-67	27	65	50	32	-65	11	-66	-15
-63	68	99	35	42	-7	68	-2	-49	-90	92	-100	-95	17	-39	34
-30	-63	-47	-99	-3	52	-57	-5	61	78	-93	77	6	-3	4	-51
76	4	-11	34	-80	30	29	-29	6	-86	80	88	55	-29	-56	-54
45	80	-25	83	-44	81	93	86	25	21	-87	-68	32	35	46	71
-84	-6	76	-45	-89	79	-51	-35	61	78	69	-53	-46	-90	5	-73
-61	-46	87	-71	75	-40	-95	-12	27	55	-55	42	-35	-97	-28	49
80	-45	66	38	64	76	-97	32	76	-66	-43	-85	54	-25	-36	-21
-75	-80	76	-51	-3	18	-22	25	-84	-30	9	-27	39	62	-35	-44
-87	79	-44	36	95	-25	47	40	-14	-38	47	84	-80	-92	-63	19
-19	-41	46	31	70	-85	-54	14	6	12	-41	8	-99	84	74	-95
68	21	73	-62	-75	54	48	43	11	-45	93	30	-72	20	-93	-93
54	43	-44	-98	78	-92	23	20	4	-48	-28	-92	-99	-2	-49	9
-90	-71	-48	-53	55	-32	78	-55	65	-19	-39	-20	-19	-74	-49	-82
43	-61	64	-72	18	41	96	-99	-37	-4	-65	-59	52	-97	-33	4
85	-16	53	54	84	-47	5	-100	76	-23	-88	62	14	80	-9	-82
58	50	35	-81	-23	60	-43	-1	-20	-48	-37	6	31	-35	2	-88
-26	-10	16	33	-4	5	17	-84	-6	42	-58	-41	-62	35	17	77
71	-100	-39	87	-55	28	52	24	-12	-86	-71	64	5	95	-62	20
14	-100	-1	80	73	-55	-81	37	71	63	-54	-71	-11	52	77	39
-88	28	57	67	2	85	17	-43	97	-2	-81	91	42	-47	-12	72
-54	34	-72	-19	-12	-8	12	-65	89	63	-92	-78	-32	19	-18	-60
-5	6	-26	-3	-17	34	68	65	-3	11	16	36	-37	77	-34	29
-81	-63	-97	61	96	-41	94	-32	-51	-19	-48	84	-40	-58	-34	-54
-78	67	-83	98	-58	64	-54	46	88	-26	-5	-57	-74	46	-25	-60
18	7	-3	-60	31	47	47	91	90	-94	-43	10	-51	87	26	-16
60	9	-77	39	-31	61	51	-45	-95	-38	60	35	-46	94	-13	-14
12	4	27	-89	-41	-65	-70	1	-47	63	23	-4	-4	-91	-79	2
-62	-59	-73	-78	7	-38	64	-45	87	53	-81	-32	-2	87	74	0
-56	-14	-1	-71	-65	-66	-47	-12	27	34	-1	19	58	-49	88	46
-22	-27	60	-77	-63	62	92	46	2	91	54	-94	24	5	-58	90
-71	31	-77	-84	-16	-27	-37	73	-90	-33	-70	-95	9	-66	41	-8
55	-87	75	-76	4	71	90	66	59	8	51	-24	64	-36	-65	39
-49	-24	3	5	-52	95	-32	74	-98	85	-19	12	55	69	-85	-63
-50	-56	12	-55	77	-44	-75	9	32	30	44	51	-70	45	-83	-13
-15	20	-1	-77	53	-19	39	-11	-76	-64	79	-94	-55	-6	-11	-10
-85	30	4	93	-9	18	-18	-75	-54	25	-12	-57	20	-13	-14	59
69	44	62	28	15	-15	-14	-31	-99	0	0	42	-60	-64	38	-63
100	-6	3	1	76	-39	-76	77	-2	-60	91	90	84	58	87	1
-77	-20	73	34	-81	-14	-43	-82	-46	-43	-90	-8	-73	-5	-44	-62
-24	61	-9	-46	64	-24	46	-73	76	15	36	-13	-91	-67	11	32
-48	-45	-88	93	56	92	-56	78	17	-47	98	45	100	-48	-83	35
0	-56	-35	-39	35	67	-53	-56	17	68	-5	17	65	60	-36	-32
-49	-88	100	15	-68	-91	85	-71	-12	-2	20	58	-89	-43	-13	76
94	-22	57	49	50	-43	10	-65	-47	60	-37	5	70	60	97	65
33	-96	-47	-100	-40	-61	-33	87	-40	8	77	72	-55	-52	94	-78
-28	-85	42	10	10	50	-13	-53	96	68	-37	0	70	-39	65	-15
-65	-42	-41	57	9	25	43	32	-29	-8	-4	-30	-43	-85	70	38
-93	-5	83	-31	95	-65	-21	-71	-45	46	-63	-62	81	75	10	43
8	98	-66	22	-6	40	-49	-38	50	-99	42	46	-29	-40	-76	-13
11	63	-72	-49	21	86	-29	-89	74	-38	-13	11	38	100	-37	-31
62	-19	34	56	-37	54	-69	90	-12	-32	52	47	27	-59	-95	3
73	-56	-39	90	-94	90	-18	-60	31	33	89	31	87	-94	-47	89
20	-39	75	69	79	-25	-38	-18	-71	-33	-42	99	8	-84	35	3
88	-78	70	-98	42	99	-73	67	86	-33	-23	-76	94	49	88	45
69	12	-69	71	-70	-73	73	-87	7	-95	12	17	-85	-15	-30	-67
-65	-23	91	20	79	-28	53	51	2	22	-41	-20	-46	76	-8	69
29	-8	24	-8	-4	35	-45	-55	-1	-61	56	5	-38	75	-20	-74
50	43	-30	90	48	-76	23	-8	52	-37	-52	-83	27	-26	-60	-52
49	-29	58	7	-21	74	-2	-65	68	29	0	65	87	-60	-33	24
89	84	-63	-98	98	46	45	-9	-14	88	-53	96	8	-2	-4	-96
36	-42	82	13	58	-27	-31	-89	-61	-91	-90	16	-87	-13	-79	-53
44	-2	34	55	81	-27	-96	-25	-85	50	98	-23	51	-100	81	-81
-56	-50	79	-80	31	-43	90	49	56	77	64	75	73	13	64	29
91	-34	31	-6	-71	-30	42	-7	55	52	12	-24	-41	16	17	97
52	98	23	-7	61	-48	-87	-61	96	-13	-93	-9	24	2	-43	96
56	-83	-31	82	-80	64	-95	78	-55	-82	89	-47	-17	-51	11	-76
26	91	-62	-12	-54	63	93	10	-98	-86	11	-19	94	-90	46	-59
89	54	-53	-36	-44	-5	-91	-81	74	25	-8	-67	43	88	64	-93
9	60	-21	43	-52	-21	-1	24	-35	41	-52	50	-4	66	84	-73
19	73	-92	-77	-78	54	-68	-95	-51	-49	-42	-29	-33	4	-30	-24
-60	86	28	94	56	-17	95	-49	-64	-54	77	26	14	94	1	25
-53	-61	34	65	-49	14	44	3	-50	17	9	13	-19	-23	-81	-81
-34	-40	-56	72	-64	31	-56	-53	16	91	-70	80	-33	-86	28	68
63	-49	-76	48	-39	-53	-84	73	86	88	65	92	14	76	-27	-10
-43	-56	-61	-26	-31	6	13	-14	56	27	30	22	76	30	-49	53
33	81	30	17	-24	-100	-98	68	30	-53	69	-70	-39	4	-46	-32
-41	4	91	19	-73	-99	90	38	76	41	-2	95	-70	63	88	-15
2	-19	13	-27	-11	-93	-38	42	-76	-11	72	17	1	14	-74	-60
40	74	-56	80	75	27	-52	80	95	-67	68	-27	6	-11	64	-24
-21	-2	-39	-31	36	72	47	39	-98	75	-52	-90	-18	38	-66	2
32	75	64	-88	-92	-64	-90	-65	97	62	-35	-14	52	-21	-4	87
95	77	-6	47	34	-56	-19	-79	-40	-82	51	-8	-42	72	40	72
29	-13	-93	8	-22	-64	44	1	77	46	43	13	-60	-67	-10	-49
20	-46	68	-36	75	84	-32	-18	-78	100	-42	20	72	-33	-18	50
28	18	62	-14	-96	26	-86	-13	-26	-61	92	-100	-89	-64	34	0
-85	35	41	46	4	-52	98	-17	-53	39	-72	-64	88	64	-62	36
-45	25	-21	-21	-19	91	72	40	-85	38	20	98	100	80	-28	-40
14	24	-55	-75	-15	-81	55	68	34	-12	92	-38	95	-86	3	-30
-73	-63	65	-35	-59	-67	-3	18	88	19	68	-79	40	-57	73	-6
-44	6	79	-79	64	34	-86	87	-83	51	57	-21	-99	17	24	-25
-16	-59	64	69	-99	58	-82	4	22	-70	59	-59	89	53	-20	32
39	6	-27	76	-87	-6	-51	72	-33	-74	64	1	-16	-82	-29	-61
1	90	-76	-94	33	1	-1	67	-20	-23	64	100	82	65	-83	50
80	-79	67	-64	81	-15	1	-87	-35	-1	57	-38	79	44	4	-83
-98	-56	-33	-27	25	14	-85	82	-2	1	92	21	31	85	-69	42
-100	53	-18	-46	-56	-99	-30	-78	46	-26	23	74	-92	47	-43	-63
-45	16	3	21	-58	-72	60	-61	70	-86	-84	-66	10	-49	-36	15
12	68	-81	36	33	31	4	67	58	-66	-27	51	69	-2	-95	25
-88	28	-70	-69	-1	-61	39	5	-71	49	57	25	51	50	-96	39
-50	34	23	-28	7	99	-82	100	-45	35	-3	-61	10	-81	40	46
-52	31	19	40	99	-32	8	-78	-31	69	-95	-72	59	48	-44	37
-17	38	96	-83	4	-14	-29	-52	-81	87	-46	-57	-9	-19	73	58
-37	70	-58	76	15	-25	9	-43	23	85	70	-96	73	83	39	-83
68	32	55	-20	75	32	29	-56	-58	-57	-58	-73	-5	-79	-17	0
17	-77	-41	37	16	95	-57	-19	-77	46	100	-7	-20	76	39	-13
84	50	42	-74	19	72	-40	40	71	59	67	-54	-27	71	18	96
43	-47	91	-67	62	-12	46	-39	93	-92	-29	78	-77	-69	-100	51
78	-37	-96	65	23	-45	23	11	-57	62	-74	-42	9	45	13	79
-79	22	-28	19	-92	45	28	47	63	-21	-66	-69	-47	100	-42	1
12	76	-100	10	75	-71	-53	-55	-20	36	-75	-71	-96	44	92	30
84	51	64	91	-8	16	-31	11	-1	-92	-77	95	-94	-48	-72	51
12	90	-42	74	-48	-86	-91	-34	-51	75	-82	16	68	-20	89	-84
-15	-78	-31	4	61	36	57	-69	62	24	-93	-59	85	26	-92	-62
86	100	-90	-42	-83	23	-45	92	-32	16	31	-35	-80	73	-50	59
100	8	-28	-24	39	40	90	2	74	86	-33	3	-5	36	-73	72
-71	61	81	-26	84	-91	79	-63	-74	-7	27	36	-80	69	26	9
-30	-78	66	-29	-76	2	-22	67	-45	5	99	-31	65	-85	-91	36
13	33	-30	44	-47	-69	-82	-65	97	-48	-20	49	50	94	-35	-35
13	3	69	24	-10	28	16	-42	-29	55	45	-100	21	-16	51	1
-86	-56	56	10	26	-3	-33	-25	89	88	-82	78	75	15	-42	52
37	-83	-25	11	44	-21	-13	-26	-99	56	-20	-10	-96	-42	-13	74
-98	-55	-80	78	4	27	-29	77	84	41	58	36	-87	-45	-48	-83
33	-22	-20	-51	83	50	-83	80	-97	59	-58	0	84	82	69	-44
90	-20	-20	28	-45	1	-23	-81	-96	19	37	98	91	56	-11	-59
-26	-8	-11	-55	-55	-62	91	82	82	48	-38	84	2	16	-32	53
3	-37	-34	-3	-73	24	-75	-94	76	53	-65	-27	-62	100	-92	-56
16	18	-95	-94	52	18	-4	19	-73	-51	-52	36	-62	-99	68	84
40	68	-34	34	47	95	9	-1	46	-82	-45	-14	-86	8	-77	6
-65	91	-11	-78	-87	3	27	74	82	61	-55	-60	-99	36	83	-9
-78	-31	-89	1	-42	97	-85	6	60	78	56	-46	20	-10	24	-55
41	43	-37	-25	-17	-22	89	-42	-66	-93	-17	86	-30	-67	75	-18
23	60	-84	-24	-79	-67	-61	56	-93	-90	81	-31	66	58	7	66
91	-82	41	58	-75	12	-72	-75	-2	-33	10	45	-63	-53	9	22
-37	61	-32	-37	33	88	97	-46	-51	-23	-85	-7	-25	38	-7	-100
-82	-14	-20	-83	32	63	-97	82	-73	73	54	-88	-95	-85	-32	-95
88	6	24	35	-20	-65	-69	-44	20	48	34	9	85	-71	-75	45
-99	45	51	49	-90	-99	66	-55	-54	-23	-56	-92	1	45	-56	-45
72	-17	22	-29	76	73	34	-62	1	-49	-49	-83	20	17	-13	-27
85	-54	-97	-27	30	48	55	-33	82	83	-31	-21	-81	-30	-63	-35
80	-85	8	1	46	-10	-21	62	21	66	-93	23	-18	11	-23	45
86	-46	-56	-29	-82	65	-47	-37	34	-70	-76	-26	37	-42	34	68
-70	17	70	32	-67	-95	28	42	-31	-81	-54	93	-28	-71	-30	-94
-28	-40	95	49	4	41	41	-50	77	-60	-31	29	45	-1	24	-86
12	-81	-31	44	83	-90	-96	99	-21	-73	23	-31	-55	71	-100	95
85	-9	31	-39	11	10	-17	20	-96	22	-53	-21	-4	36	83	-18
96	67	-13	-32	13	76	-80	78	-64	-100	2	24	-13	74	-32	84
55	7	-97	92	-32	76	-22	75	78	-44	-78	-30	55	-5	88	-71
-51	-14	-12	56	26	24	37	-44	-93	82	-69	81	-51	-64	-31	-78
-15	35	-83	-29	-17	24	-14	40	37	60	8	-18	7	69	-11	-85
4	25	78	-57	-71	16	-91	-72	-72	-48	-15	-96	-7	19	9	72
-81	65	-33	68	-62	87	74	-35	-62	-96	-41	-58	71	-19	-42	-96
-67	-76	65	88	17	1	81	-34	23	88	-9	-27	-63	-7	-41	12
91	-44	-34	-47	-21	-31	-9	75	10	69	45	-53	58	-21	99	41
-80	9	33	38	98	-77	-69	63	-41	-72	-93	62	96	17	-24	-65
55	66	84	-39	53	78	57	-88	-64	-21	-62	-55	88	-68	68	65
7	-51	-82	72	-90	25	55	-84	-33	-73	-38	-4	-92	-97	-49	-63
73	-89	28	40	-97	71	23	54	-98	16	-69	40	-12	100	57	21
98	27	90	14	29	22	-11	29	70	71	-85	-24	-29	73	95	-44
-2	40	-96	60	-76	38	49	50	98	-7	-94	15	-15	-85	-20	-7
-1	-17	-71	-21	-39	-81	52	72	-18	-63	43	83	69	-94	98	-86
-14	-91	-89	16	-80	13	16	-22	3	-16	-53	16	-79	-49	98	43
69	3	70	11	45	-51	14	-98	-69	49	-47	38	49	79	94	-8
73	-39	-70	-51	37	-94	-55	20	-7	32	-62	49	24	54	99	-78
-10	9	-76	54	8	36	16	-70	65	-72	-86	-15	79	89	22	66
98	-29	-99	-35	21	39	71	-86	97	-85	86	-48	-40	58	81	17
-36	-90	3	76	84	33	90	-23	-19	77	62	-39	65	-9	-88	-13
79	-65	48	-11	-88	-16	46	-98	-38	-63	66	-42	-7	90	-76	24
-5	-4	33	-18	17	87	71	-44	-45	62	86	2	85	56	58	43
-53	54	90	-32	-34	100	-18	-73	68	-4	5	6	11	5	93	-84
84	99	29	-30	-8	-20	-81	84	-95	-22	14	43	49	63	-9	98
68	10	22	-23	-84	27	66	-48	-70	17	66	-19	23	99	-52	-53
-81	-59	-2	-90	67	26	-66	-10	-23	59	-60	72	-72	99	89	-15
100	60	-48	45	56	-22	-92	-46	-1	60	74	-91	-33	-18	94	-61
96	-58	-48	43	89	-100	-72	12	32	2	12	-59	49	42	-65	88
3	-69	70	1	84	39	32	32	-83	3	-63	-11	89	89	7	92
-44	-2	-80	-25	-84	59	8	-28	-51	-89	-53	48	-62	70	-71	7
-24	-25	83	-37	6	91	-13	7	-85	-79	-48	93	78	-74	-55	86
36	-27	84	75	-93	75	11	-3	12	-52	72	-46	-10	37	33	86
36	-29	12	90	32	37	-20	-82	-20	-12	2	-33	22	-84	-28	-82
29	-100	38	67	-82	20	4	80	-81	-87	70	9	-68	-5	78	15
-25	45	-79	-74	73	-66	-58	3	-39	-20	0	13	10	2	-93	-26
-5	-17	92	40	-67	-47	-29	-53	-38	30	-29	-94	63	-99	-3	-43
-64	21	24	-67	-75	-86	-12	-29	-25	74	77	18	96	71	-60	-26
-16	83	-77	-32	-83	-88	-27	49	-17	22	-15	72	-22	-7	-41	-3
14	35	96	68	-31	-84	-78	70	67	55	-37	-92	84	98	74	-82
95	-67	-60	-93	64	83	-71	-51	-3	79	19	39	-96	40	-38	7
14	-28	8	75	30	-78	-22	-84	33	37	24	31	-62	-57	-7	30
-52	10	23	-15	-2	-6	30	19	99	64	31	-41	78	83	-12	-10
47	80	18	-43	97	2	80	40	15	-77	30	-83	77	-58	98	61
42	-91	-58	31	21	-72	-29	-5	-45	-19	33	-34	-46	96	49	97
-28	-9	42	58	-54	-33	-85	53	-97	-94	-80	95	-85	66	32	21
33	72	45	63	97	-13	99	43	49	38	-31	72	-22	16	65	-94
-45	54	-12	21	43	-69	9	-24	39	-13	81	-13	-25	-17	-28	-29
76	97	-87	-66	83	7	-25	-67	67	-3	20	27	66	-88	-44	-73
-66	56	-72	17	32	94	28	-46	46	-19	-26	-21	-11	-93	-84	-17
-66	41	30	20	-23	-16	69	-63	-77	37	58	79	-7	-39	80	-72
54	-88	4	15	71	56	-72	-86	-2	-16	-77	-16	87	92	-51	-26
-42	58	-88	-66	15	-97	-98	4	30	18	57	-69	-11	-79	30	-90
-76	-4	93	29	24	54	44	58	-29	-12	54	27	-38	2	-13	38
83	-61	-59	69	-90	16	-63	-45	-5	88	-94	-21	-11	-81	-94	-17
96	84	-78	94	35	-31	-89	-64	77	-19	-86	-26	93	-45	-15	8
86	5	-21	-30	47	46	80	-96	-88	-16	36	66	-50	80	51	23
17	-67	-3	35	30	-8	-4	-63	-55	-37	-53	70	-5	-2	20	-14
42	19	13	-89	97	-11	58	-82	29	-53	94	-99	-57	-94	18	76
-94	1	67	-89	11	71	-90	-49	29	-3	-37	-68	32	46	85	-78
55	44	37	55	10	-80	46	-12	-13	93	-89	49	44	84	-17	73
14	8	58	37	30	90	-44	76	100	17	-43	44	-21	-67	72	56
-57	-24	-3	-99	3	89	-61	-56	43	50	-15	-93	-18	-25	28	71
91	28	91	-50	-79	-63	-16	9	59	97	37	90	53	88	-53	98
60	21	10	46	0	5	42	-83	-42	61	-95	-32	60	94	78	-48
-55	-89	-43	30	65	-95	82	71	-34	-84	4	4	-35	39	-66	81
97	-2	100	21	67	-68	52	47	-84	-69	-34	-59	-36	-56	31	-23
-70	84	82	35	88	-77	7	-72	-22	52	30	-23	-27	-20	79	73
-24	-71	-32	-49	-6	57	-7	18	-69	11	-99	-15	-85	84	65	28
-99	4	62	-57	96	31	17	-16	40	-44	89	-41	51	44	-73	27
-89	-16	29	89	26	0	95	49	36	30	-48	18	57	77	57	-10
88	-58	-72	-87	-43	80	48	-83	-75	-2	47	92	68	-97	12	-38
-52	58	62	29	-22	99	12	33	55	-59	-46	59	-53	36	-2	76
-43	-97	64	84	74	10	-26	-90	-9	-7	-8	-83	59	21	30	75
45	4	57	-5	40	22	48	-82	-88	31	-7	15	-91	63	51	-35
99	15	-10	-86	-97	73	77	-25	-4	-34	24	69	3	-33	24	26
-90	-9	26	-12	-76	-92	-56	-63	98	16	84	-48	-79	50	20	-9
-11	38	61	82	97	65	-92	73	23	-19	-11	-6	26	99	15	7
13	78	93	95	-86	91	-57	-33	-77	-7	-68	25	-45	48	-81	99
-65	-91	-63	-56	-53	-14	-75	-27	10	-88	-8	-42	-84	-33	-12	-40
-96	41	-25	30	85	48	59	91	-72	53	-19	29	69	-42	31	1
9	-36	-31	41	-47	-95	-60	87	15	-32	18	-82	22	75	6	-82
-99	42	13	-22	18	-64	-32	58	-14	50	-46	-5	-32	-89	88	28
9	-88	47	-84	-76	65	-21	47	40	44	-5	57	-65	-15	-48	31
-7	-14	-1	11	-50	49	63	-66	40	16	80	78	-4	-80	87	-1
46	-61	39	11	-58	-78	-100	95	-57	96	-48	-63	28	82	-71	12
-75	65	-39	25	-12	4	39	36	-46	42	4	57	29	-50	-89	-30
30	-88	-53	33	75	-36	-30	2	5	-25	14	-14	-29	4	18	65
95	-48	-38	-37	-95	-80	55	-26	-96	86	-71	-61	46	95	-99	54
57	-37	-67	-96	-97	60	-83	-77	-39	61	-95	-33	0	-45	7	19
-11	-31	-17	-95	6	21	-20	-38	-36	65	-56	-8	70	-62	94	-84
61	-52	-36	-16	58	-56	-3	23	-77	48	-79	-85	-26	-59	27	-23
80	-23	95	34	76	92	-59	72	-14	-70	91	-50	-18	-10	-19	-38
-30	-51	18	35	67	72	98	-62	20	-34	-6	-24	-91	-63	73	41
80	-95	46	2	-30	-23	-46	-75	11	35	18	-72	12	46	92	-2
-13	-56	3	-98	-33	-42	-91	72	-13	7	-58	70	-37	-2	52	-48
-94	62	-6	18	94	49	90	76	-76	-55	59	-11	37	-14	48	83
31	-82	-77	34	41	17	-3	-63	-30	-2	97	82	66	-3	55	-12
-10	-61	26	-7	41	-42	-24	-83	-81	22	-73	-23	92	-17	39	21
84	32	38	-48	29	-50	-73	43	-60	-92	-71	3	12	87	-66	-24
23	-74	-2	-59	56	96	-97	78	-83	91	-77	-46	10	26	95	96
-61	-96	26	-48	-87	80	58	71	50	-67	95	-35	-52	76	-86	-74
78	2	-17	-20	-24	-32	99	-95	-26	-27	-26	73	12	-68	-84	-63
42	-63	-59	-24	36	13	86	-40	88	52	-76	91	17	-48	-55	-85
89	-20	9	1	-28	72	-40	-92	-6	83	-46	10	18	32	8	-65
-100	68	-14	-96	-64	12	76	-9	41	29	55	1	-16	-67	-42	5
42	51	-39	-87	100	-97	54	-32	-86	-51	22	-56	0	-67	51	81
-90	-84	45	68	-7	48	20	-90	-96	-47	66	-42	89	99	-19	-8
26	21	-40	-91	57	86	-54	42	-12	12	96	55	21	-92	43	77
-71	-78	88	35	0	8	68	74	17	43	43	-41	-55	-77	-43	84
-33	-15	44	-84	-37	-17	-8	45	31	-5	-21	45	53	49	87	45
57	65	-10	43	-5	-69	17	-54	84	-74	-21	76	-80	44	23	-56
59	-14	-97	-98	-74	-29	-66	54	-7	-20	85	30	30	44	92	-33
-38	-88	-79	62	43	92	-87	0	53	-25	4	-37	-16	28	45	83
-67	52	-6	-11	59	35	-67	94	-44	94	79	-47	-35	-44	-56	79
75	-46	-40	62	-9	-42	-13	-51	-74	-19	-15	-98	26	-97	-78	-25
34	-20	-51	-97	13	-96	-38	100	-31	53	18	-69	19	-84	15	72
31	10	53	60	79	89	23	-5	-23	2	93	21	-25	68	-21	26
39	-73	73	29	33	25	-46	83	-31	-93	-92	-77	-51	67	6	89
69	94	65	81	34	-73	-96	23	-20	-65	-69	-34	100	-100	41	18
85	-45	85	-60	51	-6	4	-39	53	33	8	26	-78	-72	58	66
66	-86	2	-93	-79	48	-24	43	-1	0	-58	34	24	-93	-63	-95
13	-71	-81	2	12	38	49	-30	-81	-72	43	35	36	-1	10	10
-64	80	86	67	-6	-71	-20	-46	16	-9	-13	-46	34	-95	-84	100
-92	-100	-53	-75	88	17	41	-2	43	-42	-78	88	34	43	83	12
-35	28	-45	82	-35	-49	39	-45	30	-95	100	19	-90	78	-17	28
-44	42	15	-53	1	84	47	-40	-20	77	33	85	-32	14	53	-53
-69	-91	46	12	52	37	26	-91	-81	9	-7	19	15	49	70	-19
-70	15	69	-20	-82	47	-62	24	95	-30	12	87	4	42	26	-15
-25	12	59	-35	-93	-64	-20	-42	-12	-31	19	61	21	44	-95	0
96	-1	-64	90	55	-78	7	8	-37	7	22	80	-57	75	36	63
56	81	19	-57	-74	-79	31	-48	-80	-64	89	10	-92	90	-74	87
-44	-85	88	-43	-22	3	59	83	-82	-60	-63	92	-20	-57	4	-72
-61	51	-16	-84	62	54	-93	53	25	0	44	-25	-94	71	-1	28
-26	-89	62	22	47	-46	-39	6	30	39	-68	8	38	-26	17	38
-65	60	60	0	58	35	81	-43	49	-18	-61	35	-87	-34	-2	15
-63	50	-90	-76	-13	-65	73	9	35	-28	-63	55	30	83	-69	-76
-52	-77	-98	16	-27	-98	54	-99	-15	-12	1	28	97	17	3	-31
100	69	-17	-74	-33	-77	-93	-38	57	-7	-5	19	53	71	-58	86
86	-39	52	-97	59	-35	71	-1	-28	-5	-24	-48	89	-89	-40	85
-72	56	85	24	48	-56	30	84	-3	74	99	-42	34	-36	-25	99
31	-68	-32	85	-49	-85	76	-32	97	-93	-19	100	-64	53	50	45
-50	61	24	-29	35	50	-59	-8	-43	-30	58	-11	58	92	36	-53
21	27	3	94	-38	0	-42	65	-38	54	56	-95	-89	-54	83	-50
68	47	-3	51	-31	73	96	-87	22	38	-55	-81	42	-76	-71	38
-56	-71	86	53	94	30	91	-97	71	84	31	-51	5	-84	-30	-17
-71	-18	-14	89	14	-31	19	35	-50	65	87	-98	-18	2	83	-6
12	-67	-50	56	-19	43	66	-20	-46	8	89	50	-70	-47	94	35
19	-1	-68	-33	-34	-26	-88	-51	5	-54	25	-63	46	-100	58	-72
-77	15	-4	-5	44	47	39	-97	-23	7	35	-36	-52	-22	-61	-49
9	-29	56	-10	75	17	-54	-96	99	10	22	18	-92	50	44	-65
-40	-2	47	-93	31	-21	21	-70	5	-19	7	-74	66	-3	68	56
-73	87	-69	63	-94	52	-33	37	76	20	-55	-34	-49	-89	45	-59
42	-54	-65	16	84	22	-52	18	67	9	-96	57	2	89	22	-58
60	80	-37	84	-50	93	-61	73	60	-90	41	-56	49	-93	94	58
29	25	86	-26	43	-78	-7	88	-89	-13	99	82	2	-53	34	82
-90	-72	-62	78	-89	19	-32	88	-83	45	20	97	39	85	56	-97
74	78	96	-29	3	7	-97	-11	65	88	63	-24	-76	47	-81	90
-39	-44	-92	91	8	15	88	15	-92	84	-33	5	-50	24	15	21
-92	-57	-100	55	-4	91	-28	-77	-41	22	-63	39	9	-97	88	46
38	8	-79	-35	29	65	44	60	-75	-37	-32	-24	84	-21	40	-21
-54	-81	-34	62	-16	39	-19	39	-59	-14	42	87	29	27	64	13
53	82	-55	-24	-80	-39	47	24	-93	62	52	27	28	94	36	2
-51	91	-66	-26	-81	14	-20	-67	46	-56	-40	-22	29	10	-6	-22
88	-3	-4	-35	-52	99	87	-33	-98	-34	0	97	71	63	82	93
-12	-47	77	53	91	83	-50	51	25	48	28	33	11	98	46	87
54	-56	61	-27	95	-65	52	-100	61	68	-33	-74	-83	46	-100	41
-61	72	60	-60	-26	54	-8	91	60	-52	18	-55	-59	4	-66	-22
-49	78	20	-46	-70	43	-25	70	75	-75	95	-45	-2	-51	21	-72
-82	-99	84	-60	16	-67	-37	43	-38	-78	63	54	-65	94	-9	-80
64	-37	25	-11	35	96	-43	-100	-18	-13	23	10	6	-38	47	79
-38	-12	-62	-57	43	-73	2	-79	12	-48	-24	-24	19	-86	32	23
-78	73	-71	-58	-96	61	37	-19	72	-34	61	-84	-19	2	9	-54
-70	54	-93	27	23	94	83	97	59	35	-81	44	2	-59	-27	-97
-9	-24	73	5	30	98	13	11	80	-17	-68	100	17	14	-64	-17
0	72	9	18	10	94	-59	-53	80	-41	79	36	50	34	-65	74
43	9	57	29	-56	-67	71	-67	99	59	-50	87	-93	-100	95	24
-73	12	19	-78	-58	64	54	9	-90	-59	83	75	44	55	69	-98
3	78	-7	88	-42	-51	74	-91	-53	54	31	-25	-44	31	50	14
48	98	14	86	-29	14	10	3	69	-33	-98	-45	59	25	10	-25
49	-83	-11	-19	-44	16	38	37	-78	94	51	100	11	68	56	-36
-43	-35	-85	-95	61	-40	5	-92	-71	-75	8	-53	-8	55	-5	18
-1	-91	73	44	-11	31	31	81	-59	92	15	1	2	-71	22	-79
-86	-5	-47	-99	65	63	-5	54	23	-88	30	-71	36	-43	37	-6
-26	21	-89	100	-100	6	-52	43	35	-61	57	53	87	-76	-12	-57
-93	-45	-28	96	31	16	56	-19	-43	-90	-56	95	83	80	-33	86
14	-92	-57	66	16	-22	33	72	28	70	-84	87	-83	53	30	58
-94	46	-36	15	-62	-45	-68	94	-68	-61	-18	-7	-70	-20	-92	58
90	39	55	-27	97	-2	49	94	-3	2	0	70	27	-10	-71	-12
-11	-76	51	-41	-92	8	13	66	-77	76	-81	42	42	88	-43	-76
-29	-15	-58	36	-32	-70	13	-80	98	-63	21	78	-71	-27	-41	-41
-85	6	25	93	1	65	-88	-25	-45	-30	87	-52	90	1	-48	-34
-71	-66	45	58	83	57	98	73	75	18	9	94	-18	18	5	-20
75	-47	-18	14	-27	-56	63	-40	-96	-43	47	-16	97	-60	5	-73
-49	78	63	-27	53	-15	84	-65	23	-87	98	-93	-28	59	83	-60
-61	-89	6	61	-15	-36	-81	72	88	-20	-87	60	32	71	-38	22
-45	34	-84	42	36	-22	52	-2	-90	-69	32	-31	-16	-1	100	-32
44	-86	-86	61	51	64	27	-60	94	-86	-44	-9	16	84	-17	21
-72	-49	-94	-32	-34	62	-70	86	-66	26	-72	-79	-5	71	60	8
-23	-56	-48	-90	-95	-84	73	-25	19	-7	-34	-90	27	95	94	25
-47	3	66	17	-62	-19	90	-16	-27	-52	-65	-32	-54	-6	-45	-77
-89	-9	-97	-49	34	-52	45	-75	45	-54	37	-86	-57	17	7	-17
8	-31	-46	22	-10	-83	79	-25	0	2	96	51	-11	-56	-60	48
-35	73	11	69	-17	76	-38	94	65	16	70	48	8	94	22	45
-89	-38	-92	-64	75	-66	-95	50	70	54	-100	95	80	51	100	-45
72	-45	92	-35	69	82	-70	-6	-35	87	70	69	81	99	-7	-54
54	-95	18	32	49	8	55	43	10	78	-55	-60	54	-48	-40	53
-16	-83	57	35	22	-20	72	55	45	-54	-31	85	63	-72	-66	-15
-33	-51	53	58	11	-29	97	-28	5	50	39	-89	100	30	29	12
88	-55	-8	-59	-67	36	90	92	83	-98	-75	2	0	2	-97	77
-39	-46	44	45	32	34	40	-50	-67	76	-78	42	43	-93	19	10
45	-24	66	-39	33	86	24	-96	-11	41	50	12	-43	-49	41	36
-33	-94	-5	73	-78	1	37	-89	15	66	-14	-87	-13	-7	-87	90
-89	91	88	-99	15	-29	82	-75	76	-71	-27	-57	12	-92	-36	-88
-85	43	53	-78	-6	16	-59	22	21	-9	-37	-55	-53	-94	30	-10
-55	-45	-28	35	60	13	57	34	-34	-96	58	-27	-75	-68	-59	83
52	53	-40	82	-39	59	80	-39	96	-3	-62	-61	18	-51	-64	64
-91	87	-99	-40	-84	97	-5	-36	-8	-10	26	69	-92	28	-35	93
-41	18	-22	-21	68	68	89	-61	-41	-36	-95	55	-60	16	-61	-36
68	-93	-8	-69	-23	21	-46	-44	68	-65	60	79	82	54	-30	-35
-68	30	74	82	-69	-42	33	-59	59	-74	40	-43	-21	50	17	-23
-78	-97	79	-15	86	73	-78	86	-18	-46	-77	88	98	3	81	-74
-33	90	-15	-79	44	-84	19	-2	83	-2	-38	-65	-75	-36	-84	-90
-38	62	-10	27	75	-67	47	78	37	-63	98	-99	-50	-64	-98	-58
-82	-91	-30	70	-65	-7	31	10	-76	19	-40	-45	5	-54	-89	71
38	-20	70	70	-12	-92	-41	64	94	25	76	-66	-52	-15	-37	-67
-57	37	10	-2	98	34	-85	-82	-14	18	-12	67	-94	93	90	29
35	-50	-9	-15	52	-20	-21	-5	-38	-20	40	94	-23	71	3	-63
-18	33	-83	-63	-31	46	100	-8	-83	18	-12	93	-64	85	22	-88
-15	37	4	-90	-45	-9	66	6	-83	-38	76	-70	-5	-78	66	-55
24	4	9	86	-54	44	-91	-19	98	32	86	-47	-40	61	19	-83
82	62	-83	90	35	90	-78	-4	84	-3	7	-44	35	43	23	91
28	-20	43	-25	48	51	-14	-14	-91	56	-41	16	74	85	16	62
-29	-35	-20	97	-85	21	-35	96	55	44	90	40	-68	-4	-94	49
61	-42	-74	63	60	27	-66	-80	62	-37	13	-71	30	-91	84	-77
34	-20	56	29	-72	47	38	63	-16	26	-70	38	41	100	-72	-60
52	1	-96	-69	28	-54	-72	-38	44	-86	57	40	48	-21	20	-11
57	49	-19	-36	71	-49	62	99	61	-23	-12	-19	-85	-30	-73	-16
-9	66	42	96	-25	-36	-19	26	47	28	-36	-64	52	70	-31	18
-50	-98	-88	68	55	65	12	68	43	66	15	84	-34	64	71	56
-51	74	77	-10	-44	-40	-87	45	43	-47	-94	17	-8	1	-9	-11
54	73	-35	-51	15	28	33	46	81	92	-1	-42	6	20	-4	56
-75	-20	-98	65	-22	86	89	-46	-34	49	13	-45	-23	-38	64	-25
7	-19	-27	-53	37	87	-82	74	21	53	37	-65	-13	31	-36	73
-85	-2	-21	37	-96	48	25	61	-47	9	-92	28	12	52	-52	-72
9	39	-37	-96	-80	59	-96	32	83	50	-33	-89	-8	3	-93	97
33	22	-34	-31	-53	63	-50	-100	53	65	-86	-2	4	55	30	-34
-93	25	-70	0	39	78	-31	-33	2	-36	-73	55	94	94	93	6
9	12	-88	43	91	50	44	59	-57	84	-78	-78	11	-4	4	-11
-46	3	-12	-4	-60	-35	85	72	-15	58	39	-65	-80	49	15	64
37	-99	50	19	42	15	-32	46	-14	-13	13	-40	-35	-22	-53	27
8	-88	20	37	-36	-73	21	64	45	-56	97	5	38	62	47	-32
-26	-56	98	-20	-35	16	-91	39	-31	-49	100	50	-24	-64	53	60
-83	94	-71	-54	6	-26	9	82	9	-99	-45	31	98	53	-27	9
9	97	48	-78	48	-69	49	20	-89	-55	35	-44	-4	24	-19	-57
71	-97	-22	-88	99	71	-1	42	73	-67	99	-40	-90	-59	13	-11
11	68	74	78	-66	-75	-31	-84	-51	-91	29	90	82	-40	46	-30
-35	-79	-36	67	0	15	-49	17	-58	81	48	-57	23	-24	-12	-92
-30	-79	-39	-59	-69	-15	39	62	12	86	-27	46	-85	-55	23	-44
-58	97	93	-38	-50	-53	35	14	98	-8	-83	56	36	25	65	0
38	95	-34	10	-18	4	39	-24	24	-68	46	31	-48	-29	-92	-86
33	61	69	47	-64	48	62	-74	99	77	83	-34	58	-9	-9	2
17	13	41	-88	-72	-92	82	83	35	83	32	56	-52	-21	-17	65
-26	-45	33	40	28	-86	51	-6	-90	-62	31	-51	-66	-87	26	45
-75	38	57	70	23	-72	-63	-35	17	-17	81	1	5	99	-13	56
-52	-69	64	-48	-51	-90	-12	-40	42	-73	-19	30	15	-17	33	48
-44	36	-94	13	99	29	26	98	-79	-33	-73	-36	6	-58	-18	85
17	69	-16	-68	-71	39	53	-48	-27	25	37	14	67	-53	21	81
27	82	45	5	-26	-78	-80	85	-67	-58	63	62	65	-61	29	28
44	-17	7	29	-17	72	-28	-20	-13	-71	-77	-62	-23	-36	83	5
53	19	-88	46	39	17	-70	13	-54	-50	-39	-18	13	-100	-63	-5
76	-89	34	50	36	-49	-80	-84	70	85	-30	-59	-27	38	27	0
-11	-65	-17	30	-60	36	-80	29	-26	-53	25	-97	73	-44	-61	23
51	-7	30	4	44	-20	-39	-62	-53	-17	71	-50	-95	37	-65	-82
25	96	-24	-92	-96	7	9	-39	-94	45	-23	-1	-97	-67	25	2
-16	81	-29	-61	-87	-72	30	-12	-83	-11	-44	22	-6	-95	-48	-54
97	-76	27	-68	-61	20	-52	0	-52	36	-30	63	79	45	-54	-54
-10	19	-46	51	-27	-30	25	-57	11	-38	97	48	-84	44	-1	85
20	44	-80	10	-40	-93	-23	-54	74	16	48	-23	74	-57	78	-19
69	-99	-59	-21	51	-60	87	70	66	21	-57	47	-8	62	-82	91
-93	-95	57	92	-31	-29	5	6	86	28	83	2	64	-46	-50	-8
10	-56	-23	-78	-18	-45	-21	-86	2	89	-45	-37	-72	-30	40	-33
-92	-26	-97	-55	18	48	40	96	-84	6	28	-71	83	8	-55	-47
98	44	99	64	87	33	58	-64	73	18	77	-27	-87	38	86	-72
-22	44	99	25	20	-16	-82	24	-46	10	10	3	54	87	52	30
-45	15	-73	49	100	82	16	69	14	-89	24	34	97	57	58	-42
55	-21	-96	-19	45	1	96	-80	87	-76	-24	-85	-79	39	-62	-15
17	97	53	-84	-29	44	-53	-40	70	100	-86	-17	91	64	-8	-77
43	78	10	28	93	-44	29	-95	-2	-22	-65	-43	-62	-85	85	43
86	-98	-98	-1	-23	60	47	37	-73	-90	41	89	-44	21	52	86
-9	-65	85	-10	-65	-100	-61	-35	-14	65	-31	-85	61	49	20	85
60	-66	57	61	-57	-61	-98	-28	-47	34	90	-28	87	-80	-11	-9
-18	-15	-33	62	7	95	-20	-72	-15	-16	-35	31	-44	86	22	94
95	-100	93	-35	-42	-26	75	51	-54	26	-63	36	74	6	68	7
70	63	-24	45	-42	-7	-33	-47	-85	28	97	9	-82	80	19	-30
-98	61	23	-31	-44	-16	-12	40	66	-43	-85	97	-61	-80	-8	-59
3	-31	-12	51	72	-50	-40	-41	82	41	40	73	-68	-66	-33	100
89	-71	-75	-95	81	0	64	90	46	57	-39	77	-28	-84	-49	-29
-65	57	-42	64	-48	-65	-83	-26	78	-11	96	7	94	-73	42	-1
55	-80	81	-51	-52	53	-47	-65	-32	86	-26	-73	-69	18	-39	1
7	75	19	36	-61	-100	4	82	-27	73	56	-2	1	57	6	-66
1	-89	-30	-50	51	-49	-69	38	96	-100	-53	-88	-98	49	-85	43
-58	7	-34	-65	90	-71	-40	36	71	-99	59	22	81	80	10	-21
24	65	-70	-20	-32	-77	-96	-73	59	74	-42	-31	92	72	49	-62
-92	-67	-13	9	40	-26	-81	-39	-24	43	44	69	-95	3	58	-84
-20	84	-69	-10	-7	-84	24	60	10	-47	-52	39	69	29	74	-19
61	-63	17	-1	-68	-49	-4	6	36	81	-20	-10	9	15	-11	4
50	41	-59	90	44	45	-75	-90	54	-35	13	83	62	51	34	-64
-54	-15	29	39	9	28	5	-90	-17	9	33	30	10	96	50	-81
-38	-84	47	37	48	100	54	-86	11	72	-98	-12	34	15	64	-33
58	46	43	17	46	-63	26	28	59	1	81	95	16	-75	-3	-1
-15	-17	-30	-50	-7	-31	22	-74	-58	-68	3	65	-61	94	13	36
39	75	65	81	9	-31	23	52	28	-23	90	-55	2	-79	-7	-66
27	-50	-13	-30	80	-36	-24	-97	43	6	-13	54	-23	20	-99	-40
-33	-97	-98	-50	-51	-61	-39	48	-73	3	-94	-80	-88	0	43	-68
-27	96	21	-20	-18	-58	-49	49	-72	41	-87	20	-15	-6	61	-99
75	6	1	-48	-28	88	-37	83	-61	-57	74	67	-94	13	31	-89
29	5	-4	-47	-10	-42	18	44	-27	40	96	-27	-19	-64	36	25
78	76	17	-45	55	-3	84	-87	25	64	-43	-99	43	-50	-62	-86
-58	-32	-49	73	-80	92	-80	90	49	-23	-86	-39	-15	87	-99	-83
-29	98	-41	76	-17	88	65	87	27	-93	56	-93	19	0	20	-64
-57	-18	-60	93	95	50	-82	-5	-45	-8	40	-27	3	-76	47	36
3	-21	45	-99	-91	36	-38	54	54	-78	45	-77	-14	-79	35	-5
21	-73	-13	57	21	1	69	46	-36	-98	-46	-37	38	25	-58	-44
57	-15	-46	4	18	-39	81	12	-5	57	-36	-27	74	30	-41	0
12	81	-90	14	40	56	31	-59	-68	82	98	32	67	-30	-41	91
14	-53	73	-79	92	-73	57	-20	-13	41	51	-93	-64	87	69	-33
38	85	71	-33	85	88	57	-79	85	-17	-4	50	30	97	-8	-4
26	-58	-34	-63	100	87	-52	94	-64	7	83	-4	51	-66	22	-71
51	20	38	37	29	-27	-41	17	-60	-36	-80	3	30	-71	48	14
29	-19	77	-62	-86	-64	49	26	71	19	-8	-37	58	96	60	-77
81	95	-7	19	-5	-74	-48	-11	-72	-76	-4	-24	-51	-42	2	-20
94	-40	-37	-77	0	18	71	-17	21	23	22	97	25	-52	60	54
-29	-82	19	80	-31	-70	82	-14	-48	-51	88	17	-3	-39	-28	-80
87	61	-80	-1	-74	89	24	-91	-80	-29	-26	28	-65	85	-33	0
-29	41	25	21	71	20	-17	13	-9	88	63	-65	93	-30	96	95
-53	34	-25	-81	62	-44	-46	-22	-79	5	-18	-18	-76	71	43	49
98	35	-49	23	-36	-22	-38	-53	-69	7	-37	48	91	-35	-45	-84
-73	41	-91	-59	-60	10	28	17	-49	97	-26	-97	-54	54	96	21
-14	-8	-29	-50	-61	38	-75	-25	-55	-1	-10	-72	33	-20	-42	-18
-20	-98	-46	70	-85	-55	-34	39	74	-28	65	-100	60	89	-95	-54
-9	-83	32	95	-31	-26	-14	-76	-33	54	29	-25	61	61	46	-76
43	5	75	-61	-2	-89	-17	76	-31	-30	55	-25	27	67	42	-3
64	66	85	-41	4	70	93	-36	-69	74	60	-20	37	-21	48	-93
10	29	-98	-35	-84	-90	-42	60	-50	2	85	48	33	-30	-38	59
