66	46	98	-31	55	-53	52	65	-10	-20	48	-88	46	-60	-23	100
-10	-87	-47	-27	-71	-30	-70	-95	97	-54	59	-78	-13	-95	-19	-10
-51	2	-14	41	23	43	-30	90	93	-5	23	11	73	-63	-5	-77
0	-20	-54	-78	-74	-7	-68	-79	81	-71	-13	70	-32	58	3	4
64	53	49	58	-40	84	28	-2	-12	-7	-41	6	-92	96	93	-62
-23	-56	75	78	15	-31	72	61	39	-86	-82	99	67	82	-67	-66
80	-63	27	-30	16	-74	-81	11	-70	-49	-65	98	-71	-1	48	42
-59	73	23	-16	22	-47	-31	-51	-17	6	-51	-87	66	-63	83	-85
-42	-12	-97	-19	-98	-99	11	-16	26	41	-57	98	-7	62	21	-32
-14	14	-6	77	27	-25	-43	13	-44	68	41	55	-45	-38	-91	99
-26	51	18	-2	-60	-92	93	10	71	-50	-30	62	81	-82	68	-15
65	-28	93	-6	-66	6	-75	-14	-54	89	97	-39	-27	54	15	-30
-69	-98	86	-37	-27	-92	-95	75	62	-31	-95	-90	-28	-53	94	26
-99	-47	45	-87	24	-58	30	34	20	92	-60	8	-48	83	-68	67
88	-7	90	93	-72	40	9	-14	30	17	8	-96	-66	99	47	16
32	68	-17	-50	-47	-3	9	-32	40	-39	2	95	-98	3	-55	48
-40	-19	47	-95	47	16	-99	64	16	-68	80	68	78	39	-28	-30
44	30	-78	-83	-85	-65	41	99	-10	68	-55	-10	-48	18	-100	-43
-55	59	-86	-47	18	-92	-75	20	-94	44	-87	88	-16	-53	-10	13
52	-78	-65	91	-17	-59	3	99	55	-40	91	-8	-26	-9	99	-58
34	83	-7	-73	81	29	32	-86	-95	77	39	62	39	-29	-12	-49
-93	-67	-2	-23	-60	-76	83	-70	-80	14	92	90	26	39	8	17
-4	-38	-29	58	-95	-9	-91	-79	-67	-96	4	66	-68	-4	-24	41
-35	75	-55	70	-69	-54	-89	-69	-16	-61	-82	89	64	62	80	-4
55	-32	-78	-85	33	79	-100	-42	-58	1	-74	-51	83	-96	-66	-92
-41	-78	-14	96	61	-51	-49	78	-80	-23	95	-9	92	-14	96	-1
-17	-21	14	2	-89	-98	-82	-40	52	23	-99	-13	56	-30	-32	53
95	91	-35	31	-82	-60	7	40	42	24	-11	77	-84	-70	-15	77
11	-39	-39	31	81	-64	-17	-80	58	20	12	76	-27	80	-69	58
18	70	-10	-31	-86	-75	-91	62	49	59	-96	-95	-28	89	-91	-27
-43	-26	-65	-99	-85	-5	76	-53	-36	47	65	3	-3	10	39	18
-41	-50	-91	-58	-86	12	-55	49	64	-30	-52	50	-60	11	-30	68
17	-33	-77	58	-38	-63	-8	-53	9	69	72	58	85	53	-24	86
45	53	42	64	71	-46	66	0	-93	44	-11	66	-14	-48	88	38
94	54	-49	-76	-18	67	-87	5	-88	-96	-52	-94	8	-40	-60	42
-30	-24	-64	51	-3	88	-55	-40	74	-16	88	-8	71	2	-44	-95
37	-93	18	22	11	75	71	-100	51	90	41	2	-46	-42	-28	42
55	21	-11	61	-99	-65	-69	-90	-23	36	28	72	-78	-72	98	56
3	89	34	80	-93	55	79	86	-12	31	19	73	7	-52	-87	64
10	18	-84	48	18	-69	28	17	0	4	66	-91	10	-82	39	-55
-45	49	15	21	98	-75	98	62	48	-35	1	-78	-89	67	-16	72
88	-9	0	-10	-13	-23	-6	-38	94	-41	-21	-55	-28	-21	21	-6
42	12	17	33	75	-81	5	9	69	51	74	-18	80	30	-60	-68
-69	87	-66	68	67	20	-23	72	-82	48	87	84	96	-61	100	-55
-80	-36	-49	-34	86	-38	11	43	-67	-71	76	-34	-97	-37	16	-21
92	-96	-14	-18	83	91	-24	-90	72	11	59	-63	-100	-5	7	-53
12	86	-51	18	-97	-41	-95	-35	-32	75	19	-67	-41	84	-57	100
91	99	74	67	96	-53	66	55	-46	1	-84	42	-8	-77	91	79
79	91	-90	-70	-78	-87	31	-5	14	-28	-45	79	-11	64	-23	-51
-59	60	7	91	82	-20	-2	96	-35	-33	-25	85	96	-3	-30	-88
77	-95	-69	93	3	-44	-19	-61	-90	-86	-68	61	-83	22	56	13
-85	0	-41	32	-18	72	-98	21	-66	6	34	-15	-50	-41	-66	97
-10	2	-70	53	-17	13	56	-22	-50	-6	43	44	-12	19	32	1
3	7	-53	0	51	35	38	-71	88	32	0	19	-25	-24	-73	88
73	-1	16	-87	31	-88	-24	34	-86	-26	-72	-15	52	79	-77	-58
-95	-79	-88	-35	-64	-39	-42	89	61	-55	45	14	59	54	-36	59
22	76	34	-15	-37	46	76	-86	87	10	-48	-49	70	40	-62	3
23	55	76	50	9	-32	-54	-14	-69	12	4	13	-57	-63	-60	7
-26	-44	-46	-6	-58	5	50	84	71	-42	71	-7	-69	-92	-78	13
22	-70	-36	-92	90	-90	32	-90	13	-17	61	-92	66	87	-43	0
-87	32	99	92	-23	-21	13	-52	-100	-9	-22	53	81	41	-73	-7
73	-42	-57	14	5	85	-58	-74	28	-37	-89	54	-56	-39	-11	59
-15	-42	-42	-31	36	26	87	-100	-44	-73	-54	-15	70	-77	88	-57
-8	-68	3	-25	57	78	21	6	-94	3	-77	-100	-2	76	-5	-13
-50	-70	-5	-47	55	-19	-52	-76	98	-63	-35	-71	-82	32	-48	47
-31	-77	-31	-18	50	89	-86	-95	-5	-85	70	-39	-92	-20	-18	96
28	-30	-59	-5	-37	-25	62	-36	-58	-51	90	-3	45	19	-11	-19
-92	-64	37	16	55	-16	89	60	70	-26	-90	24	13	-20	87	95
-77	-42	-19	84	-97	-34	33	25	6	40	-31	6	-61	-80	91	82
95	-89	67	-76	-64	-96	-66	-5	38	-14	-92	23	75	-51	-46	-7
46	62	-59	61	82	-74	48	91	100	-61	-87	58	-14	-26	-56	70
28	-61	22	-44	-75	23	96	62	-96	-66	80	-16	64	-69	61	-70
12	15	-46	3	11	17	-14	-39	-20	28	74	12	-28	12	-80	28
40	70	-83	80	-46	-99	-22	-8	-85	-72	76	68	33	8	-10	-68
-71	63	-93	14	-85	30	66	-6	-25	53	71	-90	-87	-6	-52	-36
6	-69	-73	59	-92	44	-43	-61	36	14	-10	15	-16	52	-18	-92
29	-89	-38	45	-54	72	21	50	98	-75	-40	-41	-99	-31	43	74
100	4	-89	44	-54	3	-96	-62	96	-63	-48	60	-19	-3	17	67
-81	26	-29	51	-17	-100	58	49	5	23	74	-14	-96	48	-81	31
73	-81	-49	31	18	37	92	-66	-17	97	96	-87	-22	-28	-16	-77
50	-7	-6	-2	14	-30	-88	-72	95	-69	3	-45	84	-91	-3	73
-49	-99	40	3	29	26	-88	-20	-60	-80	63	58	-62	-29	-56	-26
41	-71	48	-44	54	-9	-13	35	-82	58	-62	66	-33	-35	0	27
20	-35	-2	29	-14	79	-68	-4	11	-78	-5	46	12	-23	-81	-36
-1	-22	-48	50	76	9	35	-70	13	-15	-81	-8	-46	-14	-81	-88
30	51	-30	18	-66	-48	43	-27	-29	-22	33	-62	-1	54	-63	-40
12	-19	51	-52	33	89	16	26	56	-57	-84	36	-75	21	-40	-93
-16	47	27	-82	-83	48	-97	-16	87	50	4	-76	96	0	52	1
-37	-100	-22	-6	-17	71	-61	47	-55	85	32	4	2	-90	-58	85
78	81	-80	-72	45	46	-61	-63	-10	17	48	67	21	20	96	-29
-85	-39	25	8	27	9	-10	58	27	-30	69	38	-29	52	54	93
-29	41	-31	-51	20	-71	48	-63	-75	49	98	-45	-78	-83	79	-63
-1	-73	55	71	52	-24	100	37	87	97	59	4	-78	52	-77	88
-4	14	79	-46	88	-17	-47	-80	-24	45	-99	81	-38	63	-31	13
25	5	-37	-18	42	70	-9	-96	47	2	-24	-84	99	-75	81	-87
-55	12	14	-96	-49	-86	34	-31	-61	98	-73	12	-62	15	43	-4
98	3	56	96	10	24	-37	-60	-94	-1	-24	84	48	-26	-77	95
-49	60	-4	-60	33	48	-14	-53	12	-86	77	18	-36	-15	52	-59
-71	-61	-24	3	-99	54	23	13	-79	-74	-87	-47	-68	-46	-8	-59
26	90	-80	-58	-19	84	83	84	-14	85	-27	98	17	43	15	-66
47	82	-6	60	-50	8	-49	68	91	25	69	38	36	-65	80	-29
67	10	30	83	-22	-93	1	-44	53	59	-35	56	-63	0	-52	-74
18	-62	-15	56	-100	-36	-100	-54	-11	-92	50	1	-46	6	-29	16
57	6	99	89	56	-50	-66	48	-88	-41	-17	25	-40	78	48	-80
-47	-42	75	-63	-20	20	-97	-58	58	-90	-56	-50	38	-74	-13	12
-43	26	-3	41	-25	41	43	-94	-79	-20	-70	85	26	34	55	-38
31	40	-46	-68	-52	41	42	85	-68	-39	33	-22	-45	73	-29	-27
-82	-42	-33	53	-97	67	-56	-37	27	72	-49	-64	-17	80	-27	64
73	60	-30	-27	-72	59	-2	-1	-45	37	-53	38	51	48	64	39
63	97	66	63	-19	25	14	-27	5	77	75	40	-31	-23	-9	-82
29	48	52	27	-77	-64	76	-100	-32	-19	19	8	21	-20	66	-98
19	40	-21	-16	37	35	-47	11	74	20	-41	-55	54	62	98	-33
-1	-8	88	-68	47	-44	0	6	-54	90	-80	49	76	25	24	-14
-82	84	-46	-6	-78	14	17	-86	-15	64	-39	-1	67	-72	41	-49
-76	90	-100	96	60	-93	64	1	4	-11	23	-45	69	66	-34	41
-14	29	7	-87	74	43	-22	27	19	-72	-31	-24	-76	67	90	87
-78	59	60	53	18	30	-94	-73	50	55	73	-53	-29	97	-63	32
-26	56	-59	-72	9	-92	64	34	17	-83	-51	75	47	99	66	8
41	6	-81	-81	62	54	-40	-7	-72	-8	15	86	-4	-61	11	15
84	-53	-90	55	22	90	-78	-54	63	35	77	49	-13	37	-42	75
-93	35	-32	11	69	52	-44	36	-82	46	3	17	31	-80	64	-85
-18	19	57	63	-65	87	-34	-25	65	39	-65	-53	-43	-84	-12	-99
-62	27	-87	43	47	-84	34	22	-23	-84	-20	-1	-15	-46	12	7
78	-79	54	-98	-80	11	-80	31	37	-84	-87	44	18	76	-82	-49
20	-39	-80	-4	59	94	-80	-48	-32	-72	91	-52	27	-9	48	24
-44	-42	0	81	-8	-18	1	-28	-50	-80	-10	-19	93	53	9	-88
34	-39	99	-95	-83	-49	16	-22	31	-1	42	44	-4	83	14	-56
-23	56	-47	-81	-2	-89	-15	-91	-72	-79	-35	-95	-38	-41	43	90
31	-16	-45	-58	83	11	-36	-79	34	-94	-61	54	-11	-58	-15	-54
-2	50	41	-78	-20	55	68	-63	42	15	-60	-95	-9	64	6	-80
-63	8	39	73	-45	23	-77	36	50	51	22	38	52	-73	88	-37
95	-92	33	-84	69	-82	63	39	-52	38	-20	-22	85	-78	-11	11
-66	-60	8	99	58	63	3	96	47	-67	10	66	-53	80	76	-33
36	32	91	8	28	-12	-3	56	5	30	75	24	47	20	79	73
20	49	-84	-54	-63	-81	-85	-31	-35	82	37	30	93	83	83	-15
83	33	79	-15	11	57	-66	-63	-4	40	-84	-9	-82	-96	42	74
49	-35	-3	-68	77	-38	-51	14	-47	79	-45	-85	53	-78	49	-96
14	17	94	21	40	83	75	-34	-98	46	-53	-80	-91	50	56	-53
66	22	-95	-17	-49	22	43	-94	18	30	33	81	7	4	-1	-89
50	-11	-93	-25	-92	77	54	-72	-60	-11	30	24	31	71	-24	26
-42	-10	-73	-68	31	2	-8	-42	-5	-27	-61	56	90	60	18	59
-76	47	11	-53	37	2	10	11	34	-93	-28	-26	35	36	-12	-75
-32	-23	-45	20	78	-26	19	34	10	67	-82	22	-79	30	-17	52
44	-2	21	-22	33	-100	-19	-81	-90	31	-70	20	86	39	55	53
68	97	-39	58	-72	-31	-7	-61	-9	-71	15	-96	99	30	6	-61
84	-69	13	-29	17	44	-82	98	-33	74	-72	30	-10	-14	48	-69
-84	-26	73	-76	14	-16	51	-67	44	72	-53	39	-93	97	-61	-81
-14	-47	-75	-97	-5	-6	50	-49	-24	-67	-92	66	-27	52	-22	29
-20	-20	12	29	-1	58	-17	-40	-80	23	-14	27	59	-93	59	16
58	-93	-26	-19	-43	57	-38	6	18	56	-60	76	98	-92	-95	-77
-77	98	-36	-31	78	-83	90	-54	-98	49	54	97	-11	28	14	64
-98	68	-36	-30	88	99	63	-25	24	27	-54	-81	-76	24	-49	-72
52	88	-96	-87	71	-25	61	12	18	46	-73	-74	-17	69	71	-48
46	15	53	46	25	-87	-76	90	100	57	-10	65	40	-11	6	99
68	71	-36	-24	-2	-15	37	25	-23	-34	-31	-53	6	-7	-56	-41
88	2	75	-39	30	-88	35	-75	-67	-1	30	76	-71	51	-98	20
-12	-84	-70	-4	11	49	-4	-26	-76	25	-25	-18	9	83	-96	-18
-91	-55	-97	-74	12	16	26	-40	100	36	-98	64	56	-44	75	-58
62	-63	-73	35	96	-41	63	29	-70	-80	42	-11	-26	-29	23	46
-56	-28	-24	-44	-83	-72	-79	13	66	-81	23	90	57	-51	11	60
50	2	5	67	-56	-44	67	-11	-26	60	59	32	-47	-87	97	55
44	-85	-68	32	34	-51	67	30	64	94	-49	4	-83	-37	-7	-87
81	-9	-38	-29	-35	-88	-18	-96	-10	-15	-63	-5	50	-86	51	82
-19	42	-11	-12	34	40	2	35	-17	16	76	-1	-87	-12	-71	-54
-91	31	6	15	-45	13	23	89	24	-98	-55	70	-32	69	2	67
-40	99	61	88	94	-36	54	-49	-27	99	-55	54	4	-34	35	-82
-18	-82	80	33	83	50	-91	-36	67	6	99	23	-93	35	47	74
-56	85	-49	31	-93	-32	-3	-28	15	-53	-79	-38	-47	74	54	89
-37	33	-82	38	-1	-46	100	-61	2	-73	37	-59	-55	-83	-93	23
-72	6	59	-34	-81	2	-69	2	-34	-10	92	16	73	-17	82	71
50	-9	-43	44	18	-17	68	-37	90	24	-50	-4	-14	4	-84	13
38	-56	56	98	100	-29	-33	0	-24	22	-12	-54	21	53	47	86
6	100	67	-13	-1	-74	-19	36	-76	-59	-59	92	52	44	-38	-8
-74	-71	-93	-30	71	-10	54	71	22	29	-39	-35	81	74	-46	90
-88	73	100	91	40	-22	-44	-44	85	31	34	-28	-8	33	34	-69
-70	21	12	7	-55	7	-42	-47	78	-89	-46	35	-6	-58	-89	75
-98	24	-96	35	7	-66	35	74	-7	-82	-2	-91	-28	-5	69	-26
1	67	-8	33	24	70	-15	19	-3	66	-82	74	37	-52	68	86
69	-99	-21	20	-98	46	-3	-42	-93	73	64	-65	3	-49	39	89
77	37	-2	20	-26	96	-5	-69	73	-41	78	43	2	13	-96	-12
10	89	-100	-25	-11	26	-37	99	36	70	-12	-97	-6	-9	-94	-78
93	-68	-32	16	18	-8	58	-51	87	68	97	3	76	-91	-67	-58
-82	57	61	4	7	-2	-53	-73	89	6	91	23	-95	23	-41	72
11	73	39	63	-16	-94	98	32	-40	60	78	-8	25	81	93	19
20	-60	34	-94	56	-99	-45	40	-25	-33	-95	-18	-81	-62	71	-70
25	-73	-21	-71	85	-17	-73	74	29	1	-15	-6	-80	-67	49	-1
-85	-38	-2	-22	74	-47	20	58	13	100	-31	29	88	-19	98	4
20	-83	100	20	61	0	-42	77	-92	88	79	-81	3	-79	-62	-51
9	-74	-50	-68	20	63	-43	10	93	-62	-80	-65	-82	15	71	12
22	-7	-95	9	6	-26	66	92	2	55	2	58	41	37	-80	-73
41	70	-20	-74	-58	71	57	-18	93	-96	-92	74	-4	3	-64	49
24	60	-31	28	17	-39	1	14	-20	-93	67	54	-52	20	79	-46
-58	-25	-17	-26	77	33	7	25	3	69	84	-64	-76	-19	46	-100
-8	-70	-74	-72	4	-64	-74	-53	-2	-65	59	0	30	-88	28	-53
24	-17	-3	-71	26	31	-31	-94	89	64	-2	3	-75	28	35	-98
-56	18	47	-73	71	-59	-55	-42	-31	45	-80	60	-4	92	37	-27
-86	83	52	-71	68	-13	-6	90	-71	33	66	23	89	70	-81	-85
11	-71	69	-23	-46	-33	-21	-2	-1	-26	98	90	-81	13	-70	-39
12	94	-69	91	-94	0	86	24	17	69	37	36	28	-47	-20	-27
10	-16	-63	67	-53	-72	-29	75	-8	93	-79	2	-40	89	27	85
-79	-58	-63	58	-55	-55	-38	98	95	70	70	-84	69	-70	-37	16
-42	-81	-83	-98	93	10	43	-34	-74	97	23	-38	17	40	-94	73
86	-80	-90	-88	-44	-93	-74	-81	1	-90	32	-38	99	-75	18	85
-23	98	15	53	-93	84	38	-13	91	13	89	-14	-63	-11	-53	-78
84	-13	56	-90	-69	-45	57	-36	14	-48	9	13	98	-84	2	-68
-60	48	-54	5	-76	79	91	20	-56	-7	-58	-40	-33	-49	47	36
0	-71	-50	40	-72	15	-30	63	90	44	53	40	66	59	27	-58
-52	-18	-88	46	53	65	-38	70	-38	99	41	-70	-13	-65	-39	27
21	-67	64	-53	-12	85	87	-21	-71	-52	26	-73	-57	44	-18	-80
-1	55	41	70	-26	-56	-9	56	-37	30	-50	35	-51	58	4	96
-39	-66	31	74	65	-66	-8	89	83	35	10	76	-40	-59	-59	-23
-81	-92	-94	-75	-80	95	68	-87	25	-54	-14	17	-12	-11	76	94
-17	-60	71	-61	-14	24	99	15	-41	14	-62	-4	93	-82	-55	-44
-41	-42	92	-55	28	61	-74	-85	57	-73	-91	13	-41	46	-38	-87
-67	-8	-6	35	39	94	-68	-78	76	10	39	63	57	-64	-65	-48
-65	61	-92	41	8	-55	-79	-1	38	-96	-85	-11	-95	-82	47	72
-22	55	4	87	-47	52	5	-74	64	-94	0	-63	74	-74	-53	-41
67	25	52	-12	94	-34	22	-56	-59	99	-63	15	-25	-28	69	84
24	19	-57	-92	-38	-20	21	88	88	-79	64	-57	-6	1	90	-37
-72	-84	-91	-94	-95	-5	-68	-21	85	-33	-36	50	34	-47	-93	-73
1	-31	77	-61	64	-27	-56	-43	-79	-89	8	-68	-100	-7	39	-65
81	-85	-21	-99	1	-85	-89	72	-65	25	3	9	-46	72	-78	-42
-63	25	45	47	-92	48	40	-44	8	23	85	2	-33	79	-67	28
-46	96	-31	63	48	14	-84	-62	-43	-88	-91	-88	10	55	-10	20
-79	-38	27	49	-49	61	4	43	72	35	-53	98	44	5	61	11
-24	-13	58	-81	83	-42	-43	-17	65	-30	52	-80	21	25	55	-53
-3	-68	19	22	74	-90	21	-37	-40	-49	-37	50	93	39	-23	-96
-71	-40	8	-78	33	-46	-92	43	-51	-13	-100	71	1	-24	98	35
-6	-54	-59	62	-96	-32	-54	-19	-84	1	-1	-34	47	3	60	36
85	48	5	-6	-27	-67	-81	-6	-24	42	54	-58	-63	54	-44	87
-86	90	-88	13	-3	-39	-90	-81	-63	90	93	-69	40	-3	14	81
46	36	99	68	-26	-69	49	95	29	-70	-41	-39	18	36	26	95
31	-62	39	94	-65	36	-2	9	47	81	-6	64	10	-81	-30	39
-100	98	1	39	27	-41	-65	-65	-52	2	-77	22	72	-56	-6	34
-84	-80	88	28	76	59	-86	100	84	-92	-26	-19	-80	32	-95	19
23	10	-45	-1	-31	87	5	-53	17	-9	-42	-93	77	-47	-2	33
-25	-58	38	16	-66	-55	53	-34	-40	47	9	84	-21	-75	56	-89
-5	80	-84	-95	-59	3	-85	4	94	96	76	-64	-94	-15	-13	-82
-38	3	-93	-28	-85	-25	16	-34	41	-13	-52	89	-82	17	82	-44
63	31	36	-51	40	-82	74	-37	52	-63	51	-54	-19	-41	-91	-30
-68	-61	-2	68	47	-76	-21	-6	-66	64	61	28	-64	-59	-53	-93
17	-90	3	-11	-88	-81	48	74	88	-63	44	11	74	82	23	-1
19	86	-89	-67	-70	-39	-85	-47	54	71	35	5	80	77	-70	36
-34	-95	-11	61	-68	62	-28	-5	35	79	-74	5	-3	-63	-98	77
-36	29	-67	-18	-44	92	13	19	-33	36	-70	93	-23	49	-45	-20
-93	81	23	33	-44	-66	-64	0	-17	91	-88	-21	-31	80	31	-100
5	21	-97	90	87	78	-85	-95	-62	-75	33	99	85	-36	86	-83
-30	-50	-99	22	-84	26	-33	-95	68	70	-34	35	84	-88	78	-44
59	6	79	40	-50	-80	-30	-57	37	-39	88	77	43	88	9	-60
-70	60	82	-30	99	26	-81	23	-96	-56	-43	36	18	-70	97	-9
-2	63	19	60	-13	9	-89	1	-80	-11	47	85	-39	100	3	-33
-41	-21	-27	-98	-29	46	-54	34	88	-21	-16	84	-52	-64	-49	75
98	72	7	-56	-45	-38	-84	16	48	-50	-77	-43	15	75	51	-51
100	1	-53	-91	-23	-55	5	42	96	58	-81	42	84	-87	51	-5
75	99	-6	87	6	-70	-5	37	2	96	-67	29	-51	-17	84	-66
47	75	-82	88	-15	-85	37	34	56	-20	2	34	19	38	41	10
-2	-12	38	71	68	-94	-18	-44	5	-40	45	9	-4	-36	-57	88
-10	-22	77	1	-48	-87	-15	34	-93	-36	90	15	94	-19	0	-77
-46	-40	-80	7	-89	62	-79	-81	80	-67	79	83	11	-84	44	-89
29	84	-55	-83	-15	-31	50	96	44	-95	45	85	-48	15	83	-86
42	-11	48	97	86	89	-59	-21	-5	65	3	-28	60	46	35	22
-75	53	-6	57	64	37	84	-1	-92	-90	49	48	-63	61	89	-56
-35	0	35	-25	5	5	14	98	-41	-5	-33	-63	62	87	-30	-86
25	94	-35	72	-69	-10	74	-21	20	-32	25	-13	-53	-32	39	-18
91	-60	18	49	36	-12	-72	-20	-64	-59	93	5	49	-59	100	-90
39	-47	-57	-54	16	82	79	13	26	-32	-68	13	-11	72	67	-44
48	35	-52	-60	3	18	62	80	-11	70	24	43	-40	-38	-60	-84
-82	25	83	-1	-58	31	46	-24	-39	51	44	-32	-90	53	-72	15
-45	-3	-69	80	38	-55	-4	84	-86	-32	76	-88	1	-19	-33	66
-35	61	-3	58	-32	98	38	38	-61	-17	42	17	-63	26	-66	-45
59	69	-100	-66	-55	21	-46	-42	-37	-64	-47	33	28	60	87	-73
-29	8	14	-79	59	-14	-16	29	29	-86	-96	-100	-45	-4	4	-43
1	-9	-84	-24	56	48	37	41	-27	-35	68	-62	47	37	43	-1
-44	39	20	-80	-85	-8	77	48	34	70	45	-78	-13	69	-22	5
-1	-83	-28	-89	-14	87	-96	-68	-84	-57	-82	7	16	24	-92	-95
-77	20	-86	-34	46	43	48	-92	-14	-2	6	-33	33	58	59	13
-41	49	38	16	-21	88	99	84	-92	-32	-8	-37	38	91	-21	72
68	-99	-5	46	72	-72	-75	-29	-13	-24	-14	-4	65	-31	-70	-46
-45	10	-16	82	-99	-46	67	-72	-70	-32	59	-65	98	-48	-27	46
-33	-32	-86	-62	-38	72	86	-57	-70	-22	-32	36	-52	56	36	-82
16	-52	-37	-30	69	-21	-87	82	-44	79	70	-35	29	3	10	98
55	-97	-77	-87	26	-57	-18	76	4	-20	70	36	-91	93	48	0
-21	33	37	95	40	85	58	91	-50	51	88	83	-56	-44	36	65
-25	82	-44	0	-4	-72	-14	81	95	-95	-13	11	-12	48	-32	-68
-41	-77	25	26	17	77	-53	-26	-77	91	-23	84	6	60	36	14
-95	10	37	-90	89	-98	96	93	35	-4	-49	76	-81	22	44	57
81	89	34	-2	11	53	39	59	-44	17	51	-80	-27	59	10	78
10	58	-59	-57	-31	-94	-50	-8	-6	92	11	-53	95	-32	54	63
57	-73	79	-56	74	10	-32	-55	-43	-22	68	-61	65	2	-27	83
96	-43	-36	37	-56	63	-72	-13	88	35	33	-33	-27	15	-12	-65
90	87	-1	-77	-40	50	-32	51	50	-82	-68	16	85	-91	-37	-95
57	92	1	-93	-7	-56	42	44	-76	-4	69	14	87	-9	-36	89
-97	-27	57	71	-10	-21	-60	-33	-90	-63	66	60	60	-53	-6	67
-4	-5	46	81	85	-33	14	13	-74	59	-74	17	-72	-47	-45	-100
-76	82	-71	-92	38	-65	31	-11	-90	72	-94	-65	-42	-88	66	54
-26	63	-6	-61	-91	-72	96	-32	53	-46	-50	51	-60	48	34	13
-53	-57	92	-66	91	13	-7	15	11	98	96	-23	4	-24	11	5
67	-75	14	-100	-100	2	-16	-89	-77	75	47	74	-22	55	-84	-36
11	-34	68	-35	64	83	81	51	-74	25	39	-2	89	10	6	98
91	-41	-4	66	82	3	25	-66	-46	-68	-21	-39	8	-63	46	16
-15	24	70	-83	-86	-83	-85	-58	85	1	-59	89	-23	50	79	-4
-45	-99	-57	48	-28	0	40	71	-48	21	-12	91	85	-26	-50	4
-23	2	26	33	3	-38	-25	70	-5	-83	6	38	-87	-9	62	-48
22	92	-67	87	-2	-71	14	84	95	-69	-43	88	7	-6	20	-14
64	50	-13	14	13	70	-38	2	76	22	55	30	25	-34	26	57
-8	-33	85	-59	45	-56	-71	-11	94	38	-14	11	-3	-30	-55	93
-64	-7	88	-79	-3	-13	-86	-81	-46	-28	50	59	9	68	-93	7
48	-94	-64	24	-94	-33	86	-32	17	42	-47	32	-17	4	5	75
86	55	90	-56	16	-88	-48	-4	39	20	-87	-56	-48	95	-38	-23
-87	8	6	-6	30	-83	10	18	-78	-5	11	61	-92	-70	52	65
86	37	25	-9	-79	36	93	-58	65	-63	-26	25	13	-14	-45	73
63	59	-63	-83	-3	-30	51	-26	75	97	88	-96	-47	21	27	24
-25	-46	65	-65	11	-85	76	49	74	54	-64	-30	-35	-39	-47	-53
42	-40	-27	-53	-38	-26	38	87	-42	22	93	-74	-32	14	39	76
47	-59	91	-46	-4	89	-3	58	-49	-56	27	-54	-2	1	-28	34
58	47	31	-40	85	-28	14	60	88	-7	52	-66	-59	-41	85	-31
-89	-99	-56	-28	-90	-59	-81	18	89	22	-53	-52	-72	-60	57	87
-3	-48	-65	27	33	13	-73	-34	-77	65	89	6	100	-21	-35	6
60	44	-71	-71	-31	99	-27	-22	16	-83	-25	28	58	95	-44	-48
-66	-48	-41	-53	6	-91	-42	20	82	39	-8	-57	26	5	83	-3
-2	39	78	-98	-83	67	13	-25	25	-92	96	-98	-83	-72	75	57
84	63	65	64	-91	74	50	26	88	30	-23	72	-59	-82	-89	-89
56	-52	-27	6	48	90	-100	-59	26	-90	17	79	59	10	-25	-4
17	-81	-58	51	-11	95	9	-28	-50	97	35	72	5	-63	-58	-64
-89	-90	52	-13	82	96	-81	-71	30	57	-76	-45	70	38	-89	3
97	71	-47	-95	60	16	98	-46	52	-98	43	13	5	-51	-35	30
77	72	7	-57	31	-32	17	-87	84	92	32	-36	-94	83	-24	-63
-5	41	53	43	-85	10	67	12	10	-40	10	-100	-37	4	-33	-56
19	13	8	-85	-39	25	23	-48	26	73	-89	-14	94	9	-3	47
-28	1	-28	-61	10	54	-22	-14	73	27	-23	81	57	-100	-20	86
26	93	99	70	7	93	-63	48	-28	-60	-86	-96	0	88	-82	33
-20	24	-43	-69	-54	-73	-5	87	-10	-33	-65	9	83	-6	-83	-52
-19	-84	55	-85	-10	8	68	-34	-51	0	-91	-5	-91	-99	40	80
63	68	48	68	98	-60	-87	82	55	-52	-72	-38	2	75	22	19
65	49	93	-46	-69	90	2	93	-92	-37	-69	37	-3	67	-46	-55
-94	-86	99	-39	-33	22	70	-57	-77	19	-59	8	-46	27	-8	24
72	87	-49	-5	49	-54	7	2	56	-52	-46	28	67	21	87	-41
23	43	55	77	-57	-38	79	10	-24	85	14	75	-81	6	-93	-12
-13	71	-7	-69	97	73	-22	-75	-10	73	-57	64	37	-72	55	-62
53	-36	-39	-10	86	6	61	76	77	26	-66	-38	58	-100	-89	69
15	-24	-69	83	-9	-65	47	-88	-99	-44	48	66	-66	-45	-8	79
28	70	-88	-70	-56	80	-98	1	-8	-43	-81	40	30	24	-54	-96
-89	22	47	-40	-29	5	-42	5	-77	-37	-18	40	72	-41	67	11
12	-16	-83	49	-76	62	71	70	50	-38	-87	14	-43	94	-96	-39
77	-62	38	83	3	84	97	69	13	14	-98	-55	75	62	70	11
27	-97	24	-61	2	-66	-29	-45	-91	24	61	-21	-49	87	8	19
-66	-33	-97	66	-34	41	88	94	-18	82	42	-56	-37	-30	-22	-60
4	-45	-100	48	-40	61	-36	27	-8	10	75	49	82	-12	2	-60
-31	-14	34	81	-81	31	29	-38	51	8	-12	-86	13	-99	75	-82
72	-2	2	75	31	52	39	63	86	80	93	-74	74	63	-71	95
54	-79	-75	13	-21	-5	44	29	-77	-38	-36	-78	94	41	-76	19
-6	76	38	0	-37	56	-26	22	-98	40	4	47	91	90	84	-74
80	-40	67	-62	-1	-46	-49	-47	58	-26	96	85	-54	-49	45	-13
-14	-30	93	-53	19	-28	89	-5	51	-28	-65	19	-34	40	-50	43
5	-100	99	-99	-38	50	6	89	4	-72	-88	39	-65	32	14	68
42	-16	80	-84	2	62	-1	-12	4	31	3	1	-65	-51	63	-39
72	84	-27	44	16	-47	-43	-87	21	-18	0	-31	44	53	40	11
-32	-75	-90	56	-26	-74	-56	-65	11	35	-57	7	78	15	58	1
33	3	43	-22	-82	-100	1	-26	-58	17	70	-88	90	70	-99	65
-68	20	-7	-66	36	26	67	82	-81	-38	71	-78	88	-86	96	-92
85	-5	-56	95	34	-17	-73	-36	-96	93	10	65	78	77	-35	-22
-43	79	83	22	49	35	52	93	-85	-92	69	92	-78	21	-49	-70
-1	-75	-22	80	-87	79	0	-63	88	99	-28	-68	5	5	-69	-4
-48	23	44	-57	-80	-52	-73	64	26	58	66	-54	-19	-1	-18	58
96	-38	94	-53	40	83	67	-29	-23	-16	-90	27	27	-33	95	40
-11	-54	-44	69	94	-5	-90	30	5	18	-98	-20	-21	-42	83	-44
62	31	-69	-51	-55	9	28	-74	-62	-70	-2	-60	-53	-75	100	19
-29	80	52	72	74	-8	-84	10	52	38	80	-91	-20	-49	-88	-58
34	96	-100	-51	79	-72	73	-20	-22	91	-17	-38	-74	-25	-75	23
-31	65	5	-1	-12	-74	24	-95	13	-68	-100	-53	37	-100	-37	60
-27	-86	-93	-38	83	-3	78	83	-7	-32	-51	-31	7	19	86	45
-100	74	24	89	97	-70	-43	-93	-2	-79	45	-30	-28	-5	-90	30
-75	99	51	-93	-5	-95	-18	-24	-45	59	9	65	-18	-17	71	22
-67	-4	-11	-27	-98	37	89	64	12	83	60	-75	-89	81	-35	-13
-52	-48	-20	-47	-17	100	-18	36	-8	-44	98	13	-44	1	11	85
-24	-1	51	-94	70	26	68	-96	-85	27	47	56	20	61	87	-97
-55	51	-83	-54	35	64	100	34	40	-62	-49	-78	60	-31	10	-71
20	-36	98	-2	54	-75	21	-51	32	41	-9	72	-48	-80	-34	-68
-84	36	-26	-51	-85	-6	-98	0	-67	-65	91	68	80	98	-29	-43
-49	-17	68	-92	-6	-81	42	-67	-51	-40	3	-35	-40	-9	-44	40
82	-22	38	2	-75	-18	40	-55	2	-63	-2	-58	-38	18	26	-35
-59	37	-15	23	-9	-40	74	-45	57	-30	-10	50	92	50	20	-16
61	71	34	-42	-73	-17	-19	-47	-21	-71	-6	-78	42	-6	-78	-2
8	-50	53	-33	94	-85	-73	-7	81	-92	-21	-63	-71	-18	-75	-53
64	-90	95	18	85	-7	-2	-35	54	38	55	89	64	-69	-42	98
-53	-84	-5	-88	82	33	77	-93	39	-15	-33	28	17	87	100	-59
-93	68	69	-59	6	18	57	-22	59	-77	-84	78	1	-53	-15	68
36	-29	27	90	-41	-12	-17	47	48	16	-63	-17	-20	10	29	54
53	-44	19	-11	-22	-84	4	-57	-44	15	77	30	-30	-77	-44	71
9	-11	72	19	-55	-69	-20	-43	-51	47	-65	38	77	-36	-44	-86
4	75	44	8	-85	-16	67	68	38	-37	-26	-40	-72	-10	3	61
41	-85	-69	-26	-22	-19	18	82	48	-37	-18	83	99	-71	26	-54
85	-92	85	-20	57	40	-35	-59	-13	97	34	2	88	85	29	21
63	-27	20	-5	88	-17	-38	-73	-39	-22	35	86	-78	71	-78	63
-80	-88	52	-18	-42	10	58	-65	16	26	13	-13	86	-43	67	36
13	0	40	71	29	-5	-83	51	88	86	-58	-92	-4	-99	-39	93
95	19	-43	-80	-87	95	99	17	35	-12	-71	-1	-19	-16	54	31
-22	9	-22	-83	-37	-71	40	55	-4	-74	79	-42	31	46	41	-13
-97	37	-19	-71	-60	25	5	56	-15	-3	-60	-8	-33	-17	-89	100
-50	53	-95	91	-62	-30	84	73	-69	-9	-52	-61	10	-2	90	-86
66	-40	-28	-36	-53	27	-8	-25	-27	6	83	-83	59	-24	69	35
22	48	60	-90	31	-19	-96	21	11	-8	-52	-95	72	-83	-35	26
40	61	36	-20	68	-66	39	-33	61	-51	-30	90	-92	12	14	-2
72	68	-35	27	2	-96	48	-25	-31	25	-82	-8	8	-87	25	57
-21	68	0	27	65	-69	-34	9	-41	62	13	44	-44	17	87	35
89	49	93	-23	-68	-30	47	89	-26	79	-74	-29	-66	-68	44	26
-78	6	96	98	50	-1	-83	37	-13	-14	-67	-90	-24	-40	0	41
54	-42	-47	85	-92	20	-13	-69	88	-10	-16	63	95	78	69	-19
-87	5	71	-40	-41	50	-70	20	31	-89	-58	79	-21	86	-33	-43
-65	-79	-7	71	35	66	23	4	-62	16	85	-61	-56	67	-75	82
55	91	26	-34	-98	36	64	70	11	-57	-32	14	-47	-10	-83	31
40	60	-74	-18	-69	20	19	-9	-53	-74	94	66	-8	-76	-58	55
6	-90	84	-19	-97	81	63	30	-27	-51	-80	-73	39	-86	-10	66
-51	29	-15	-66	-2	93	-7	8	-69	-70	-70	-61	39	75	10	-59
53	91	-61	79	27	29	-100	-23	-17	-50	-57	-67	-72	56	95	88
44	-94	-71	-18	-59	80	24	30	-53	34	-59	23	-47	13	-53	7
42	19	56	-100	-87	99	55	-70	-59	69	18	28	87	69	-52	-44
-56	-75	-37	-69	-92	82	-13	22	2	83	97	-68	81	38	-51	76
-96	83	99	37	32	78	56	-38	96	76	-31	-98	57	-19	-5	100
18	-56	90	33	-34	33	-8	47	98	90	-21	-24	-40	82	-98	34
94	-5	11	-50	-92	-48	70	-67	29	66	37	79	27	-73	-54	-77
67	58	-3	67	45	-55	-1	-42	-29	55	48	43	-45	21	-94	99
-62	-23	-77	-76	20	83	-39	33	17	-14	86	-43	-75	2	-95	-51
34	-44	82	-43	-29	-55	-97	-49	20	-80	25	53	94	58	74	-8
54	-78	-91	45	56	-31	-61	27	-29	-20	89	100	88	-83	47	99
94	41	-16	86	-46	-73	19	-96	-19	31	33	19	-4	-58	54	90
-55	-65	77	-42	-48	-64	-71	-36	70	-37	-37	96	-72	24	58	-100
-83	-16	-17	53	-20	-38	-99	-63	57	7	-68	14	95	0	-97	-15
12	-6	27	35	19	-21	-31	38	70	81	-7	-26	59	-62	-58	76
26	-30	95	-26	67	-50	-95	-63	85	-55	45	-84	-77	-18	-1	18
81	-33	90	15	22	99	11	-16	34	37	-64	94	6	78	-97	50
-50	-55	21	-41	-48	34	-73	33	13	-72	-22	-48	50	-68	-6	90
6	-65	65	29	62	-48	95	-50	-18	-89	46	-48	-25	93	77	-14
-6	6	-5	7	57	-83	-4	-71	93	-87	-84	26	-57	-26	65	-29
-47	-96	91	-51	30	-22	-20	-12	99	83	-19	70	-60	-54	82	-72
32	-50	17	-4	21	97	-82	26	35	18	-17	-25	-99	42	92	-40
47	67	-74	-81	-56	-83	99	29	22	27	60	-14	75	51	40	30
-25	89	-67	-38	10	-16	-46	50	6	12	-51	-39	-64	-25	4	-88
-55	27	93	79	-46	73	30	-88	52	-83	-81	-61	-21	33	81	37
64	-54	-25	46	-11	55	-50	-15	-6	-92	-81	-82	1	86	72	-99
40	41	-21	44	-62	46	80	-43	-72	7	94	-57	-31	-26	57	-74
-40	-33	-85	-20	-86	-17	67	-44	-13	42	26	-51	79	26	16	13
-74	-1	-19	40	-27	76	-2	16	-9	-27	-49	-69	-23	0	13	-59
25	-9	32	-24	26	41	45	-77	-42	62	-85	-18	4	96	-76	41
-63	46	-80	-63	-63	15	30	-84	9	-97	39	-29	45	-89	87	-64
-84	97	-35	-8	-63	39	41	-4	0	-4	26	34	-67	83	89	-83
52	66	91	-64	-67	38	7	-33	13	45	7	-75	-26	-66	-51	93
61	7	-39	-70	-84	-1	-55	41	-41	27	84	-78	-12	52	62	70
93	-21	76	-63	-73	-93	59	35	-5	-100	-31	40	-47	83	0	97
-23	55	-76	72	-12	40	12	-8	41	41	11	2	-7	18	20	74
57	-98	15	-58	36	-80	-73	-77	-60	10	69	-64	22	-28	-78	-47
70	60	69	-39	-53	34	57	5	58	-29	-39	18	-7	-70	97	14
-10	43	58	82	-15	-91	26	43	-88	-24	78	14	73	-26	41	11
-88	-53	0	-30	8	-64	50	61	-4	30	40	72	-20	58	26	39
33	81	-50	71	-33	-12	75	25	40	55	-41	-97	-2	-24	61	-72
-3	70	5	-39	-68	-89	50	24	98	-22	-17	-16	-26	-24	-81	-87
-27	-12	27	37	20	-36	16	-38	-14	-31	38	-83	-97	48	-45	14
-43	-69	-26	49	-58	-7	-92	-28	-68	70	61	-69	60	34	12	-79
27	93	-38	-80	-35	70	-32	-92	-64	-39	-15	-34	-13	-78	-47	69
-96	-75	-18	95	39	-33	-50	53	57	51	-17	-26	-77	7	-47	-67
84	74	67	14	-93	0	-40	-19	-11	31	25	32	-70	10	-28	-29
78	1	-88	74	-53	-50	95	-72	-76	70	21	-39	60	-39	13	-14
-44	52	63	42	-4	9	-58	72	68	-41	-68	9	76	23	0	-5
18	-59	-40	-92	55	45	-5	-44	-12	-70	16	43	44	-87	81	-2
93	-32	39	-51	77	72	7	52	-49	-25	81	-20	-48	10	-3	-43
15	42	28	80	4	22	18	-75	87	-18	-8	-47	-74	56	29	-84
7	-64	-29	-52	-11	-87	-37	63	32	70	-57	-35	-29	40	-96	73
29	-74	-2	89	47	-60	70	-58	96	-11	-96	-83	-74	28	-37	-51
-3	69	-55	-91	-2	97	-56	55	97	-90	77	-64	-83	70	56	51
56	8	14	-25	22	82	-7	-43	68	-38	-44	74	74	13	-89	84
3	25	-89	-84	-77	93	78	-5	83	-88	97	88	-21	-91	-52	38
-72	-14	52	51	76	-12	31	-45	-63	-31	91	-11	41	88	-91	-60
-56	72	-7	35	8	38	52	59	98	-17	-49	15	37	97	39	6
9	-22	-97	57	73	-33	76	-5	-23	-35	19	-9	40	-26	-38	-47
-69	-99	65	65	-2	-49	86	-50	-15	-54	90	-63	-14	-34	50	13
-63	-77	99	36	52	53	12	-43	-72	75	-73	-87	60	-31	-3	71
34	10	32	-3	-10	-14	-24	-43	46	-39	-85	-4	-82	32	-52	54
-37	53	-7	-39	43	-4	54	61	0	100	-18	-26	40	-31	-75	-61
-21	-64	-2	13	-49	-33	86	40	68	-61	14	86	-13	-78	-70	34
79	11	-10	65	-62	-86	7	22	64	-5	-9	84	-67	-31	-6	-17
-98	23	24	-95	-86	97	-11	57	-98	61	-13	-61	-53	-61	-72	30
54	-8	90	38	-53	-16	-4	14	-42	-48	-79	11	55	-59	79	-18
-38	-84	-69	-39	7	-33	-90	12	41	-72	33	14	22	31	11	-51
45	93	5	-28	-46	-57	-46	-99	89	77	-69	13	93	-61	82	-58
-59	-22	-77	-14	-64	-45	-92	14	24	-74	-92	98	-25	-45	78	-47
-30	69	43	-81	91	-87	-58	76	17	97	-64	83	38	61	49	-54
90	94	-68	77	-23	-55	48	3	-20	31	8	-97	-35	-17	32	-40
-9	-83	76	-31	32	-61	-41	21	-4	-44	-28	80	59	-82	-47	-66
-80	85	-100	-21	54	-7	1	-24	45	-6	85	-17	67	-90	-58	-27
-71	41	38	82	-31	7	-57	-74	17	15	6	-69	16	63	-78	69
13	8	78	56	-81	73	42	-51	91	-91	1	-97	-49	-4	26	-52
18	65	21	-28	-6	64	14	-10	8	-11	-21	-59	-2	-2	91	59
92	-45	-59	47	-27	-4	98	-83	74	-84	39	-86	-87	38	99	41
-21	19	3	-5	-70	76	8	3	22	97	-28	44	39	11	-2	-35
96	18	-89	40	76	80	-100	-15	26	42	-77	23	83	-90	31	44
96	-24	83	68	29	33	-56	10	35	55	1	-8	51	-56	64	-20
-83	12	88	13	-67	-1	0	56	65	54	-39	-44	1	95	4	-89
-96	-42	-39	-73	-97	55	84	-89	64	0	-44	-67	36	-5	98	-14
0	-89	-100	49	-40	-56	70	-26	0	24	53	-43	-92	5	25	-53
-1	3	-30	38	-59	-85	39	-56	-63	-78	-75	-54	-20	-85	-44	46
54	34	51	-78	64	6	85	23	40	100	78	-42	12	33	16	94
22	-56	-54	-53	-56	-76	34	-82	-31	-15	-42	-24	-22	27	-78	-93
-93	-67	2	66	70	-24	-89	77	-55	10	94	100	-72	-79	-23	-87
-82	97	26	-88	-39	-71	92	-44	-58	-73	88	72	99	-92	-92	16
61	-91	-12	-53	21	24	28	-50	-17	-66	72	91	-27	-40	58	-56
96	-31	-50	-87	83	62	28	26	35	83	23	-87	66	37	-52	-48
41	26	-38	95	-82	24	-14	22	-18	69	43	-6	34	-36	41	-40
-18	-3	-89	7	43	-84	-22	93	-13	28	3	-31	-53	55	76	30
-32	-55	-99	-82	-80	-96	-81	-79	56	66	-32	-82	-74	8	-56	28
55	43	-97	55	-36	25	-3	49	50	22	-100	99	54	-82	56	41
