-98	41	-61	-32	-29	36	-61	-9	94	85	-78	91	-60	-33	-98	10
77	-31	-43	-35	-61	25	-20	-33	100	51	-23	37	73	80	-92	68
22	98	6	-96	-11	1	87	17	-77	-26	54	-95	70	13	-58	-92
73	-19	-23	-90	-89	-16	-38	-46	-99	27	-88	81	-99	25	86	-39
45	-4	-96	-68	-2	18	-82	1	-87	3	61	-56	84	74	69	80
15	48	-21	-34	-52	-93	-58	7	-67	-87	-41	35	-7	44	73	7
69	-55	86	71	-12	-29	-23	27	-7	36	-21	-37	-90	-7	-94	-56
-51	14	14	2	-80	100	94	24	-5	79	-77	64	-47	-51	64	-16
59	24	93	-1	92	11	79	6	86	40	18	81	-66	-51	-48	15
-39	93	27	58	-14	33	26	-60	27	98	-8	-15	68	30	-98	72
-42	14	74	2	35	-82	64	10	-39	-42	-38	21	81	37	-74	37
-56	-72	-100	-46	-43	47	13	-27	60	-36	-24	96	6	-18	58	-61
84	33	4	-92	36	56	61	78	92	-34	62	-46	34	49	92	7
33	-6	-8	-60	-41	-57	58	20	-6	-97	-96	-80	-23	36	75	4
34	-6	95	59	49	-49	95	63	-11	59	-54	-9	-27	-20	-38	-14
-63	-100	18	-32	-25	68	-9	74	-42	95	-33	-91	-31	61	-11	-25
100	-59	56	13	-35	39	-85	-12	-84	-67	-31	-24	-33	92	66	-58
30	26	-19	-49	-89	-68	45	70	14	54	-60	-15	61	-51	47	30
76	-19	-70	-17	42	36	76	-21	-90	-31	12	-94	-38	-38	0	-86
-39	-37	-32	67	-40	35	-55	2	-73	14	-99	-39	81	96	27	27
44	-31	-57	-72	-82	64	96	15	-95	-16	42	39	62	82	-32	-34
-49	-37	34	-48	-12	-18	74	65	83	-28	45	35	-87	14	-93	59
2	-31	5	81	-84	42	-88	37	-73	58	34	60	-60	-98	95	62
71	-49	-65	-91	78	24	34	19	27	-15	25	-42	22	-81	45	60
-30	2	-5	-80	-3	83	82	98	-98	-35	-25	55	38	61	67	-78
-4	9	-34	-84	-33	66	72	-61	73	97	32	-25	-56	-67	19	67
-1	-15	72	-100	49	65	-99	-16	-28	55	38	64	20	48	25	27
-36	-39	-55	24	-98	96	79	-92	59	69	41	89	44	31	-65	-95
-15	-76	68	43	-86	-63	-51	-3	-62	-37	100	-39	-22	100	62	-65
18	-85	-100	-54	92	54	54	88	-57	56	-59	25	-22	7	27	-44
41	7	-67	-84	92	-82	-48	-82	-59	87	-89	20	17	49	28	-36
-93	97	-2	66	85	38	81	85	72	90	99	-77	79	46	-15	-67
-45	-18	75	39	-81	32	40	63	-35	3	-68	-55	-76	-43	-95	35
16	-58	27	-45	62	-12	86	-1	43	-95	-28	58	84	86	-82	96
-8	89	66	-9	25	93	-16	38	74	24	99	45	26	-97	-12	7
-95	65	24	-54	36	-89	-99	69	-61	97	29	14	-11	86	-96	95
1	-93	36	-35	-57	40	-40	59	0	55	-83	98	98	-69	-81	-37
-63	-70	21	-42	3	-78	45	83	91	86	-99	-17	90	-85	67	-46
-100	86	19	22	44	-48	4	-1	51	-20	57	-52	1	-91	37	-26
-65	-49	32	6	1	-58	52	89	-31	-15	-69	-37	3	-44	36	82
20	52	33	-31	67	20	61	45	25	7	17	81	84	-77	-5	-60
-24	-25	-34	-100	-45	-70	46	-42	36	-68	37	89	90	-22	-24	34
66	-80	-91	-70	26	-12	-79	-76	-30	-34	22	-80	-35	23	-71	76
90	57	32	67	52	1	-48	15	-97	50	-83	-86	83	-38	57	74
-30	-95	46	64	23	-92	64	-89	-47	-49	-82	-66	47	-78	2	-68
-46	14	-41	61	-23	-63	-34	-28	33	81	-55	48	-26	-63	-66	-23
4	36	-57	14	-44	50	65	-60	-64	-57	75	-97	-64	-82	74	44
-58	12	-8	6	95	-47	-32	-97	87	75	42	44	-36	-16	-97	-31
-9	-49	24	-68	-6	-78	23	-75	-14	-31	13	19	-90	65	-16	64
-34	75	-45	76	-84	-90	41	-7	-22	-19	65	-46	96	56	-94	-1
-4	85	-52	15	-62	61	46	56	-75	-59	14	-7	50	67	-12	-23
17	-92	-87	71	98	48	-28	85	-43	-42	-7	-12	47	-49	-67	83
-35	-54	95	92	-78	76	-50	-69	-34	90	-75	-85	98	60	-92	-84
68	25	-75	-13	80	-87	65	-40	-10	61	-37	90	35	94	23	54
-19	15	70	-37	28	-25	-20	46	-4	-17	-38	-48	0	-45	36	75
-35	-75	-15	-44	37	8	46	16	57	20	32	-19	71	51	89	-49
-18	-89	26	3	3	6	-100	31	1	33	52	-99	-100	98	0	37
47	59	-4	-35	38	-93	48	-51	-42	-37	-18	-43	77	-78	-92	65
39	-59	16	-52	1	40	-18	70	40	-62	49	-65	-54	-12	-69	45
45	41	77	-40	9	80	82	44	-20	39	1	42	-18	-77	-72	77
43	-96	7	8	89	3	69	10	-93	-77	52	12	8	-24	57	52
-96	59	20	-9	6	-46	-2	67	-53	-72	18	19	-18	1	95	-81
-38	26	-55	55	-41	18	-31	55	-86	69	48	-35	-82	65	-20	34
20	-98	14	88	-86	24	6	90	-89	-67	86	46	99	-24	8	42
-60	-53	-63	85	-5	-77	33	-62	90	33	-20	-57	3	98	-16	79
66	28	92	-52	-70	35	-30	63	-8	-92	14	-64	-45	-36	72	49
11	26	-58	80	-70	62	60	95	7	-23	69	-28	-24	72	-53	-87
46	5	-11	58	-46	-65	-53	87	83	-86	-55	-95	-73	-98	-19	8
69	-27	-83	-82	52	93	20	44	-87	8	-41	10	-53	61	80	-22
-87	86	42	39	-46	-2	-93	36	17	-92	-25	-67	82	-8	-18	54
42	-46	-22	-1	-22	8	-55	-14	-97	70	-14	-29	50	33	7	-13
28	-32	62	95	-58	21	98	-20	96	-85	-71	60	-84	69	94	41
-30	23	75	-61	80	-100	52	79	80	-7	-32	51	-1	-45	82	59
53	93	-56	-64	62	96	14	31	2	68	-16	-26	-90	-67	37	-95
18	57	-77	46	-36	-64	67	95	-4	-79	36	-37	78	13	-86	17
-17	-94	-59	60	-37	28	63	94	21	-7	54	-52	-67	23	-15	41
12	-38	-53	-65	8	-73	92	35	99	-31	11	-3	-21	52	61	-96
-13	-8	-47	16	49	-57	-96	15	-69	52	-49	-5	-23	12	73	13
-62	58	53	-45	50	77	-81	52	-34	30	46	25	40	37	-29	-49
84	58	-48	-80	64	-38	18	35	-42	-45	-60	70	-48	7	84	65
-85	-8	47	46	-33	65	-95	-86	-51	-96	3	-48	-93	89	46	-13
46	54	-2	-78	46	5	12	-88	97	-38	8	-84	50	-2	-13	-9
85	11	41	76	-100	56	-99	-84	-11	98	40	95	-83	-50	-85	-26
79	63	-51	61	55	-27	-47	-33	-42	-60	-30	-84	75	55	-30	-46
81	87	76	-19	33	-59	-60	-58	-57	-75	-56	-56	-9	79	-35	83
51	27	-45	59	-22	41	35	-33	65	40	-4	6	83	25	74	-30
-66	47	37	8	44	61	-79	-84	-96	-96	-80	92	46	-9	-85	-67
-99	94	-83	-70	98	4	-42	80	-35	44	82	-48	12	36	-98	-70
31	78	-39	-73	-11	-28	-16	26	-21	16	18	42	94	-14	75	36
-69	78	-27	89	14	89	62	44	59	-10	84	-88	-75	78	-6	72
-31	84	33	-13	91	-74	-8	-49	26	21	-8	-41	-8	-35	-72	90
66	17	-23	-75	56	7	-60	34	-94	-70	-99	-3	72	-42	70	-64
-54	32	5	13	-84	46	-51	-89	-72	98	51	-57	-95	70	-42	-8
61	-60	21	22	0	-76	93	-33	-35	-97	50	67	-87	-26	65	-35
-26	-91	31	-85	59	13	12	46	-30	40	-9	-30	4	21	-71	-41
-82	-82	-71	-89	86	43	6	-38	-29	47	-19	-26	-71	76	48	68
-9	7	-83	-44	-61	-75	2	-54	90	-24	-100	-60	-46	4	-19	44
39	-100	43	96	-66	-53	38	45	-19	7	-10	-41	-30	-77	17	50
-61	-34	7	-54	-75	-90	-12	10	2	-31	-16	21	67	-82	-5	-16
100	35	-10	-1	-27	38	-32	73	-95	-78	22	-94	45	-86	0	24
10	-37	-87	72	83	-24	75	-57	-93	94	-47	3	78	-7	-60	-51
46	-84	-77	-49	92	79	-18	51	-14	-53	-25	86	27	69	-82	83
-37	-36	-34	36	66	-87	-82	-2	12	-87	0	30	-68	13	58	62
98	0	80	-52	-49	-6	-64	78	23	64	-68	-74	80	86	-32	-42
20	-33	46	-20	-81	-100	29	-83	-29	18	62	-49	59	-97	58	32
-70	93	78	73	32	-76	-55	74	-11	79	14	95	-44	-98	-46	-71
58	-86	19	-67	5	83	-44	11	20	45	-93	13	-64	50	-63	21
-92	-49	31	-42	9	92	-25	-74	-18	41	38	24	-9	-19	70	-88
-85	-21	50	89	-45	-58	91	39	10	94	13	4	-83	-85	35	-64
-36	-88	36	36	72	78	-7	-74	24	-46	-10	-12	-61	84	2	-84
-64	62	-61	-85	71	-80	93	-33	-95	76	84	-37	-92	70	68	-82
59	-59	34	-6	-56	57	3	-50	12	26	58	76	38	-62	-73	29
-8	-84	26	11	-99	12	29	99	-46	14	-24	48	62	54	37	48
71	82	36	87	67	39	-51	6	96	-84	-85	-39	-90	-37	-57	-46
-34	-43	88	26	61	49	87	-48	59	-10	52	60	-85	1	25	-85
15	32	15	-67	-77	-91	78	35	-7	67	-39	38	-92	86	93	59
98	23	-48	99	-84	-60	24	-32	22	-78	-45	-88	85	-50	74	-16
-59	-77	2	54	-23	17	-55	-59	27	31	-11	74	-21	-65	82	32
52	98	-82	90	-76	-95	23	-63	-8	-44	89	-87	-33	-25	-83	-22
-8	-90	37	54	-7	11	-73	81	4	-82	88	-24	55	-6	97	-52
48	-7	48	70	-79	57	-55	-54	3	-15	-35	-70	-32	43	16	16
-6	66	-23	3	71	22	-85	-76	-31	-23	-13	5	-80	-22	-90	-17
56	61	77	-3	33	-90	46	-91	66	-23	82	-68	-81	10	29	60
62	-4	-95	4	67	-91	95	53	-99	-29	61	-66	-21	-98	75	16
51	51	-65	98	73	64	9	26	-43	-27	82	-69	50	82	74	-90
12	-59	64	17	-23	-66	1	-91	-38	-1	-96	93	94	-49	-88	26
11	-30	8	-15	87	-3	28	-50	88	-70	81	7	-59	-65	-20	-52
-30	-21	47	-8	81	-33	16	-62	25	63	-28	6	99	95	-20	-41
-25	-36	71	-18	64	0	-61	-4	64	-70	-81	24	13	-17	45	-1
-27	72	-20	34	97	77	8	-97	-84	-43	2	-23	-5	-8	69	54
51	62	99	49	77	21	94	39	-14	75	9	49	-68	-18	13	99
45	-33	57	47	89	-66	28	-31	42	-8	-60	-92	-22	46	-96	89
-33	74	82	-97	56	87	60	53	65	-38	22	35	-40	7	71	-85
18	-31	-5	-96	37	49	-60	-79	-64	-14	-89	-25	15	81	45	16
-74	-100	88	77	3	-86	-14	9	-22	0	61	-7	24	-98	-36	77
75	55	68	47	69	55	-67	90	-57	71	98	0	26	-45	-74	-23
-64	-8	-86	75	-65	22	-85	36	-38	-82	-2	-95	42	-87	90	-84
74	76	-53	8	-97	73	45	30	55	73	-12	-6	69	-81	43	-52
88	9	96	88	-50	-35	-59	1	-29	-9	-38	26	46	6	-12	-53
-16	-48	13	79	-65	-66	-93	98	9	-10	46	-2	97	14	-14	64
-16	-28	-6	18	-77	-69	-10	99	81	-48	26	-30	-41	99	-74	58
-26	28	66	-40	95	-33	-25	66	-50	88	-8	-39	50	-97	75	-86
-16	83	-81	72	-4	-15	10	-44	-89	10	-3	96	3	-70	90	50
4	-99	-75	28	76	96	-8	27	16	-66	-25	-23	24	-57	-8	-70
-39	58	-75	-73	42	70	-58	-43	-67	-75	-16	-85	-53	-87	57	50
27	-95	10	-82	-72	66	-86	-6	44	96	25	31	64	83	44	35
85	-34	59	70	8	76	-78	-33	-62	-83	-89	-27	-25	82	20	-73
-19	-56	64	5	-27	31	-66	-77	-89	4	44	-85	78	66	-28	93
79	51	-68	-22	74	-14	91	-54	-88	-84	51	-72	-73	0	1	61
-31	86	77	-99	80	-96	14	-16	-53	-39	-78	43	55	33	-80	17
-3	51	93	44	70	95	31	-61	-93	-26	-78	61	-89	30	26	88
54	54	-60	0	-75	-3	-20	49	65	22	-43	65	29	-15	-5	58
46	-81	-100	-64	93	11	-50	-66	2	-95	-66	-6	1	53	-26	34
-79	-7	-77	42	90	44	-92	-2	31	77	-42	92	-88	100	97	-64
35	-71	-92	-6	-2	-17	-19	19	30	-23	17	63	6	-100	53	-49
-50	21	20	-63	-30	-70	10	-44	-23	-9	-81	22	-69	-44	-71	11
66	-96	49	76	-92	-24	24	93	72	-11	22	48	38	-82	20	81
-1	26	-60	69	-35	-67	-31	10	36	-94	-59	71	-59	-93	-80	-86
92	-67	-46	-8	47	12	-66	21	-15	-55	100	85	88	-99	48	-66
-42	67	57	26	-41	55	-40	-92	-92	-10	-18	-8	33	-46	82	97
22	-90	-69	87	-58	20	14	-41	-84	84	-80	-84	-96	-4	-11	-56
-23	94	22	48	14	41	87	85	-93	-11	21	81	88	-18	61	-59
99	-26	62	82	-37	-60	-61	45	-67	100	13	-29	-34	-75	56	73
-92	46	27	-83	41	39	-51	30	-88	82	94	9	24	92	-70	86
65	39	-44	-89	-61	-18	70	-33	88	2	-18	21	-44	-85	-73	19
14	49	-1	71	44	50	68	-80	-32	-31	66	73	67	-80	32	55
48	84	60	88	92	-43	-78	-20	-78	-2	-90	45	-71	43	-51	68
-40	91	-44	-76	-72	-30	12	53	-46	-76	34	-20	-78	45	45	82
-57	31	-52	90	13	-99	81	-14	99	63	-55	27	64	-4	-53	72
75	-67	-61	-61	17	-68	-5	-24	95	13	37	-50	40	-22	81	69
-60	-67	90	81	55	-85	55	94	86	-92	58	-16	48	-54	56	-30
36	11	-64	-47	-66	-61	81	-20	16	12	84	46	-30	7	-7	-94
68	15	-68	50	-99	-65	40	39	-80	81	-71	54	79	52	-35	-97
-56	83	-88	-82	0	66	38	68	38	-57	-22	58	-6	66	40	-18
57	-82	-33	59	-36	-53	71	22	12	-10	-62	-29	-22	42	9	-71
-27	-53	26	52	-23	38	-62	-19	100	-94	-77	-9	-69	-40	-40	61
93	-74	-41	20	28	-97	-20	32	50	-79	-12	-13	99	69	-12	3
0	25	24	-86	45	62	-67	26	-35	-7	34	-41	6	50	28	-68
-38	88	21	77	-21	-87	-11	-89	-56	-40	-67	-80	-24	71	-85	-77
-48	-67	61	23	-68	86	77	-24	-99	-94	-53	84	-41	-95	-48	-80
-33	55	-10	-97	-78	85	-94	6	88	-100	-3	-94	60	99	-85	49
22	56	80	52	-70	25	54	17	-100	-99	-64	46	70	-75	85	-70
26	71	40	82	-37	13	7	38	-49	26	-46	67	74	98	-47	9
-63	-71	57	7	-85	20	52	-62	84	-17	1	33	9	77	-43	-26
-87	59	-11	83	33	31	-49	0	46	-32	5	77	-66	-82	-51	65
47	57	61	88	8	56	28	-71	-70	-74	41	-98	16	-76	82	84
89	-25	-36	-27	68	-51	63	-51	60	23	-70	32	41	9	57	12
-52	-48	60	91	-53	-72	47	-46	-41	-76	56	-52	21	-1	22	-3
-25	39	6	77	34	57	27	88	-3	35	1	26	16	-13	19	14
8	-27	-53	38	64	-50	-40	14	-81	51	-100	80	-10	26	51	0
56	-61	-86	65	46	64	4	89	-31	69	-67	-29	-92	90	31	-91
-44	-13	-98	-69	-68	19	34	-2	-27	-72	-66	19	4	-21	-79	21
4	53	75	100	25	19	57	2	26	83	48	49	69	-51	97	-7
-35	0	-49	79	20	55	-51	-15	20	41	-18	-60	-43	-60	82	-43
-76	-22	70	65	42	24	-61	20	90	-46	43	-31	-57	72	-35	74
-27	9	39	-90	-48	81	-59	72	29	-15	-29	99	59	-45	62	-83
-88	-53	17	-98	-13	75	-2	19	58	53	-32	-28	-20	51	19	40
60	-92	-21	5	17	-93	13	53	-26	-24	-30	-26	-78	52	21	66
51	89	47	-54	-79	-60	84	-42	-84	13	-77	-26	6	-5	65	70
64	-4	18	10	3	64	40	0	25	-11	61	76	38	-34	94	-78
-91	-51	-83	25	48	91	12	27	-3	-14	63	77	74	-41	-50	-23
99	-72	43	4	82	88	-41	-78	-95	-23	-54	29	99	-5	-64	-35
90	49	66	22	-19	97	-99	11	20	83	-69	-59	35	83	36	-86
14	14	-85	-55	5	34	7	-36	-92	57	-37	44	-48	-66	-62	-85
-69	-64	-33	-14	78	46	-46	45	-71	7	-32	-68	-27	72	-48	-38
55	-53	-95	20	66	55	69	51	47	4	-95	28	-33	59	63	60
48	-26	63	4	-50	-31	-14	0	-76	-43	-63	-41	39	54	10	86
-49	86	73	-47	25	47	43	49	100	2	2	83	-31	-20	4	4
8	96	11	-1	-61	-82	98	-95	-23	-96	38	-1	56	59	74	87
-75	-97	1	-25	-62	75	64	38	85	-87	-44	-93	53	25	-68	-11
5	27	50	61	-63	-91	-12	19	-11	-51	-100	11	-49	-43	-55	-61
35	13	-91	-72	-50	-94	-91	99	-88	-74	87	-28	62	26	-70	-84
11	-84	77	-37	-45	-36	45	-81	-18	-45	-27	-77	7	-56	-85	55
98	73	-31	48	-36	-11	-99	-17	82	-20	74	4	-9	-72	-10	68
97	-5	-85	38	57	-10	-93	-24	60	32	-86	33	52	-76	-32	22
-12	36	70	76	60	-77	67	22	99	-5	92	-61	31	-69	-40	3
-28	-64	-3	36	56	13	-90	-5	-42	82	95	47	14	-59	97	-1
-41	-44	91	-15	77	78	-32	-47	39	-99	46	-37	-2	21	-63	-81
-48	-77	23	-56	38	88	19	42	87	-20	13	47	-11	-6	-71	94
-8	45	-10	-42	-20	59	38	38	27	31	-52	62	-78	-67	95	1
99	-71	66	6	-57	-7	7	91	97	90	10	77	-44	66	84	-83
-79	14	-17	3	58	-17	-4	-35	-66	-67	-26	58	91	32	-96	28
75	56	1	9	5	11	30	-8	-60	-71	-54	60	-63	-5	-23	-59
-31	-44	63	-55	3	-35	-40	83	92	-87	13	30	-19	65	-89	-50
-8	-68	-17	-73	32	-45	-9	11	-98	83	-73	4	-6	94	-98	44
5	-84	40	37	-36	48	-25	48	55	39	69	89	-80	23	9	-87
-85	-55	-19	-48	21	2	-95	-64	19	17	-49	-57	56	-6	-85	96
-51	-89	-84	-97	-90	29	-97	-43	-21	-71	-100	-52	-83	100	-90	16
60	2	88	33	-86	-18	-86	26	-95	-48	-97	-22	85	-26	12	-81
-52	-81	78	53	-35	26	10	-31	56	96	-89	-50	75	97	45	-32
55	17	-7	-47	-10	88	-97	20	-74	-3	28	-65	78	37	91	-85
-34	-35	-85	88	-73	-10	-94	12	-35	-72	-57	-30	3	0	90	-64
32	-57	22	-31	23	-59	53	86	0	86	-46	69	91	34	-35	-17
-14	32	-39	32	26	91	1	-14	-42	91	56	-4	-27	3	-11	23
-38	92	71	91	-21	36	-63	40	-3	-26	64	-91	-85	-6	-29	-85
-71	13	86	-76	-75	44	-41	-7	24	1	24	49	18	85	17	19
-13	51	-95	-4	-14	-11	-36	91	56	75	-57	5	-39	-30	-91	97
-24	66	64	-46	-83	97	9	29	23	-77	-26	-30	89	-98	-5	-15
-52	-63	-33	-26	24	83	-48	-92	63	-11	-71	63	50	-72	-4	-90
-64	89	-71	11	-59	-36	29	-19	-89	53	69	45	-71	68	-93	46
-87	-42	50	66	-100	51	53	-9	-92	-78	-46	38	-63	-87	-20	-26
-63	51	88	65	77	94	-42	3	99	70	-96	4	-45	-75	-73	-58
93	-52	-99	-88	-9	10	41	-75	40	74	-19	40	-29	100	94	-20
73	96	75	72	57	77	69	-48	15	96	-43	-1	-80	-79	-66	-6
-69	-65	-77	-37	-32	62	-32	11	62	28	-83	16	-64	-27	-33	-86
89	-69	-35	10	6	-40	51	0	35	-70	-76	27	31	68	52	-85
52	92	80	-66	-73	66	0	37	-3	38	81	-37	-99	60	55	35
-34	82	-41	-11	17	48	-58	5	-9	46	-8	-98	-40	25	4	26
-86	-70	52	-30	-6	-16	38	86	95	9	0	-51	-34	-34	-33	-80
43	71	-80	-30	-26	-83	14	69	-20	-19	-3	-54	-74	46	-73	86
-91	-31	-96	-94	15	20	86	-38	-3	-57	9	-47	67	-59	19	21
-55	-96	54	-90	35	98	-87	79	68	-70	-18	86	1	-33	-78	-79
-32	97	-47	-43	53	14	2	-56	-2	14	55	-74	83	61	-23	3
-61	-67	64	-75	-64	-96	31	-76	-77	100	68	-81	44	-100	65	7
-42	-57	-67	100	60	31	3	71	25	17	-16	6	-85	-11	-76	47
97	11	-81	19	64	59	-26	9	1	96	-28	-54	-72	-80	78	-74
-77	18	85	-16	94	76	60	69	87	-22	49	-83	92	29	-97	-83
-92	-49	97	-23	39	-73	89	-86	-11	-33	-48	71	-2	-97	-93	-90
-2	-38	0	-24	-18	-27	63	-1	91	73	-55	-55	-54	-37	55	-62
-61	-94	-64	39	34	74	-67	-26	-25	41	-82	63	-96	-64	-57	-5
28	-84	-79	44	-23	94	-4	43	93	50	34	-2	-100	-21	56	68
-3	-91	-65	76	76	70	-84	15	29	-72	-8	13	42	-78	-41	93
35	-90	30	-10	-28	-21	-57	97	66	-58	47	-93	-11	31	-52	-64
-62	27	-31	73	-44	5	31	28	-24	58	-10	-91	22	-72	31	-24
-80	-63	1	-51	90	60	13	33	11	17	7	99	-17	-89	-96	92
-12	8	95	35	-24	-28	-33	4	81	-14	-92	19	-76	-50	67	4
97	65	-37	21	18	89	39	43	98	-87	-78	83	76	-88	-12	-20
-28	-55	28	-81	-6	-25	20	-87	93	-47	-5	44	-33	100	50	49
-64	-12	-45	83	92	-92	44	85	51	-61	-44	-58	23	78	-51	98
-81	48	38	-33	-28	75	-43	-77	-91	-19	-40	45	73	91	-49	-40
-71	16	79	97	54	23	-75	-37	76	10	90	-19	-3	61	31	1
70	-97	22	-70	-59	-63	71	-43	-8	4	79	43	8	-12	88	0
-52	46	-6	13	10	-27	-10	65	55	-2	-79	22	77	23	-16	-79
-18	21	94	-46	38	-48	63	98	57	11	95	78	49	10	-87	-6
-51	-69	99	-28	29	79	-51	-97	-66	-35	75	-8	-38	-81	61	33
31	-17	-43	-54	-43	49	-2	71	-29	98	60	68	81	64	7	86
29	-41	100	-5	-99	-85	-34	-98	88	63	68	-92	99	-30	98	-35
72	-4	3	-57	100	-9	-69	-3	46	79	-35	29	-14	-37	86	-95
-7	-13	81	-3	-88	-23	-89	-15	-77	10	-37	-46	71	37	-73	98
-93	76	9	25	35	-91	61	-39	31	-88	-48	-50	91	82	-27	71
-38	-60	4	-9	10	-75	50	65	91	31	32	-83	7	-60	30	8
-48	79	39	-78	36	-84	43	51	-79	-78	42	93	50	-95	-16	85
-7	-19	-11	69	1	-82	-9	67	-28	-44	-68	-4	-71	15	63	78
-50	-2	36	55	85	83	50	-89	-100	-55	-2	68	-70	-24	-71	92
-44	-48	-62	-27	12	89	-46	-98	-27	-22	54	25	-80	75	-9	36
69	0	-9	-37	48	22	-3	56	55	40	-62	-20	57	12	-80	54
-32	-42	-80	-51	78	89	-26	-54	-63	36	61	40	62	32	-20	-18
80	4	63	63	71	-34	-41	14	1	47	22	10	-78	23	51	-84
-23	83	37	37	27	-8	-28	-10	-52	-53	97	-53	-41	-4	31	0
-13	11	-6	26	-37	24	-2	-72	52	99	-3	75	-9	68	-89	-21
-30	-18	8	-62	-6	86	-47	20	28	48	74	-59	-73	-50	-87	29
-56	-84	-35	-63	68	57	-37	70	-61	21	85	-50	-19	85	-55	-51
90	-96	-74	-95	-79	-39	-99	-5	36	-26	-19	87	32	48	-80	16
-74	-63	-36	-12	-27	-31	-60	-89	68	-44	-74	-22	82	37	-2	69
-66	16	-67	-50	-87	-51	-32	26	-62	-8	50	60	-30	80	-8	68
-74	-9	45	77	-100	85	-18	-55	-95	80	-95	-51	86	-67	29	50
-93	84	5	17	59	-31	-7	-51	26	-32	-67	-5	-55	-65	-46	70
71	66	14	87	88	-31	37	45	73	-1	50	18	34	68	60	90
-27	1	-96	-36	91	93	-74	-40	55	97	26	89	-91	-2	-55	-67
-92	-63	-61	-45	-31	-79	-7	-13	78	-53	12	-76	-79	65	74	22
94	63	-48	91	-39	-96	76	27	-67	30	55	-27	-4	-86	20	-39
-5	27	51	-72	-77	-22	99	62	47	-53	-56	-34	84	-28	20	-99
-46	-54	-9	-39	34	-20	28	84	-8	55	87	-1	81	7	-70	12
78	63	-29	-54	-61	-44	-17	-29	-42	100	-75	-5	4	-51	-27	49
56	52	79	-16	85	-78	-22	70	-62	41	82	-58	60	43	7	-74
98	20	-65	64	-96	-68	-16	73	29	41	56	53	56	-33	-24	-77
37	-33	-53	-56	-44	67	47	59	43	-29	66	12	77	-13	-95	85
-71	28	-67	50	-16	97	-69	-37	-20	-73	-5	14	67	17	87	42
-68	-58	25	33	-27	-80	-69	-63	86	-83	37	-3	-27	-46	-72	42
-85	-55	-35	97	67	80	-58	55	-76	58	-57	-66	-63	-52	-98	63
-32	-97	4	26	33	-90	-17	6	-55	78	14	-20	-10	6	-33	28
-17	-57	-84	-1	93	-74	12	3	85	77	61	-3	-48	-67	-2	-37
-43	4	17	68	-35	-42	1	61	-70	23	87	-61	76	19	-35	93
-5	81	-32	-90	5	64	-53	51	-44	97	-34	-64	10	-95	-67	83
-58	-79	-77	39	0	-13	-20	-55	-77	-30	62	-43	69	-18	50	48
-48	90	38	65	-2	-11	-64	57	-64	-69	98	-5	-40	48	27	10
98	91	-96	-78	-21	-6	-78	-16	-30	-94	35	9	46	-93	85	2
97	49	-69	-26	58	-59	-56	-40	-50	88	-95	95	76	-32	8	-87
-79	-15	-20	-21	46	-8	-3	-1	-15	-39	33	50	56	-92	28	-51
94	-98	-46	11	18	74	58	-26	-70	-59	-91	42	27	-42	72	-19
51	43	-18	50	-56	60	-71	87	9	-62	-69	72	88	16	17	-75
-99	39	74	-71	-1	62	-25	41	25	-21	-6	-8	80	60	77	79
-73	62	39	-16	93	-59	-87	16	-58	-59	59	-27	-22	35	-1	-86
58	-87	46	1	100	61	72	66	72	-75	-38	73	5	-66	62	42
-14	-27	37	77	71	37	-3	84	89	3	-20	-70	61	-65	-76	5
71	31	-32	-36	-97	-100	-66	16	-18	78	-57	61	-14	-3	-48	53
14	-69	15	-13	84	83	98	33	-38	-55	-84	6	62	-1	-43	94
5	26	20	47	50	10	-10	-64	65	62	-2	4	71	-11	72	70
53	-34	-7	-83	-89	-19	-14	-11	-88	88	-65	-11	56	53	-40	74
-73	10	66	-32	15	-77	58	15	85	-46	15	53	-31	-28	70	95
-97	87	-41	-43	44	15	78	-4	-53	90	40	-64	76	-63	-31	-7
-67	39	-61	-82	55	6	-3	66	3	41	93	-52	31	-35	-74	-64
65	-79	-43	71	94	-50	-14	-39	-3	98	55	-2	97	33	73	39
42	-47	68	-60	35	-58	17	-27	-51	16	20	-72	63	-65	-64	52
-30	-49	10	-31	93	-88	85	-75	-39	30	29	89	-80	57	-97	31
80	-16	-97	-50	-61	42	2	-38	-86	-99	-78	55	77	14	35	-89
95	-5	-37	93	-3	35	76	19	-27	-24	-80	65	-74	-63	-57	-44
-95	-36	-46	77	79	58	39	45	56	-58	86	38	5	-74	-67	-89
53	32	8	-79	47	39	-43	73	-62	3	12	-20	-41	-71	96	28
-19	-59	-54	-2	19	0	-77	-87	46	-68	75	56	21	13	7	-11
41	-68	66	33	95	17	-43	62	13	51	-29	59	97	87	65	-72
61	53	-15	-13	67	82	-32	22	54	-53	37	24	-79	-72	36	-69
-67	-13	-41	62	43	54	94	15	57	-71	-21	51	55	77	4	100
-65	50	88	15	-88	-100	0	-59	-7	-13	-26	0	56	-79	96	-67
8	49	46	-2	-80	42	-46	27	-22	42	69	-83	96	-79	92	65
43	87	-87	-47	-41	46	-8	-76	-47	26	-97	20	79	16	27	33
-15	21	73	72	-44	97	-95	-8	-27	-91	74	73	-26	85	63	46
31	-23	-9	-13	97	-45	-41	-1	38	-15	74	-49	-24	7	-30	-66
85	16	-45	88	63	-61	47	-100	-66	93	71	-56	-76	44	70	26
-92	58	-54	-70	60	45	-39	34	94	60	59	-16	39	26	54	-89
-72	12	-72	-65	49	-74	-45	-99	73	88	-49	-73	-96	-29	-40	51
-14	42	10	-79	35	51	-18	89	-7	33	90	-26	-97	30	27	-70
-40	96	-86	40	-39	-91	-48	-59	-30	-7	-20	-14	4	-2	-47	-75
-54	100	-84	-95	100	45	49	-63	19	-23	-54	56	-9	0	-39	95
-34	74	-78	-34	36	-47	1	4	30	-19	87	72	0	71	52	-66
5	-2	22	-72	46	-37	3	46	-71	44	-67	6	1	-97	-48	-69
-6	-73	-64	17	55	-66	-61	78	-70	1	-61	82	66	-87	71	-25
35	93	44	-91	-26	24	17	-47	-61	54	-35	-1	-82	-20	-65	-78
44	55	-31	-62	-38	-77	31	-34	-72	95	52	99	53	71	-73	52
42	95	-51	29	49	-44	-85	27	5	-4	-64	33	-23	-23	78	64
-62	93	43	-37	39	-17	-70	55	-39	-84	68	28	64	38	8	-73
68	30	87	3	-50	39	-91	-55	37	33	-32	-10	88	-69	-47	-93
70	-23	-34	40	-10	72	-33	22	-21	18	16	-75	-50	92	51	-83
-56	5	99	9	30	-26	73	-96	86	-96	20	43	-14	67	12	4
83	-8	95	-20	99	-10	-45	68	-61	86	67	28	84	-68	-54	-13
42	68	-54	41	-47	-97	-57	88	-75	-93	12	95	-74	-62	-58	-35
28	-48	-20	60	8	-57	41	79	85	-97	46	-24	-67	-64	9	-26
-92	-10	-91	52	23	-78	-75	-54	-94	-74	16	59	75	-21	-46	55
-33	35	-62	86	-44	60	14	0	-100	-48	-52	15	-7	85	-69	90
97	94	72	85	-6	1	12	22	77	9	20	6	-54	-16	60	9
-36	-19	-25	-95	-60	-44	71	-94	100	-40	11	94	58	66	-49	36
4	-98	39	-35	12	-86	20	-3	-86	45	-57	24	17	18	96	-18
-5	-63	-76	11	10	-80	-73	24	26	10	8	-81	-71	6	-96	39
-68	14	72	65	-74	95	64	-63	-5	55	14	-54	98	-91	-54	-31
-51	-44	77	-52	-24	89	-77	10	51	-96	23	34	19	-37	41	-57
36	83	72	-83	-25	-9	20	10	-32	-49	-67	-52	34	-35	-82	30
81	-76	-60	65	44	41	95	23	-55	70	54	29	-43	-67	34	20
-91	-65	-34	-69	76	94	15	-52	-64	-7	49	57	-69	31	-89	-88
35	92	-87	18	-3	-57	94	-94	-95	-64	-70	16	71	82	-78	-86
74	-15	93	96	28	-63	60	-22	64	42	70	-20	-22	-53	72	-91
21	-10	13	76	-21	97	18	-73	-3	88	24	84	21	-17	-2	-58
25	-55	-69	26	-15	82	8	-50	59	-49	-32	-78	52	-45	94	-55
-36	-44	93	44	89	92	-65	-81	-32	-85	50	76	-68	-91	68	59
23	13	-69	-40	84	-51	-85	34	6	-1	-28	57	54	45	85	-18
75	-71	79	14	-4	-5	13	2	97	-11	-62	77	67	-39	82	-56
41	5	-23	96	-13	-86	-55	-51	0	78	55	-64	85	75	42	64
58	19	57	-14	-10	45	-32	90	85	38	29	41	72	96	86	18
-34	40	98	50	-72	71	-90	78	22	-28	99	-90	3	-43	-21	67
80	36	-41	-63	-8	76	60	40	54	15	-3	35	91	51	26	-6
19	86	-14	-78	84	3	-15	67	48	-52	89	-73	-87	42	-49	36
9	-46	71	46	-68	59	77	55	68	64	-35	81	44	79	-47	-52
-91	-98	-10	22	18	93	7	-24	13	21	50	-31	-60	78	-38	66
-12	-88	-8	2	74	55	-93	-71	-77	66	61	-63	17	-63	-8	68
88	57	40	-38	-88	60	95	-83	-3	37	75	-96	-52	-65	-74	-8
52	68	-69	-90	-47	-91	-31	10	-47	-26	-42	26	10	14	84	-11
-17	33	-60	-26	59	-65	-67	48	-83	-71	-85	-14	-39	-10	53	68
43	37	-76	30	3	-3	-45	70	49	-20	-10	-76	65	-12	-23	42
-100	-77	72	-17	28	36	89	-20	-9	11	34	36	16	73	44	68
-43	-66	-83	5	-32	-29	-17	11	2	94	-7	52	-24	-21	-63	100
-80	-53	87	-81	-64	-13	-56	-45	0	15	-14	-34	75	26	-77	-87
82	-51	-55	-47	-79	13	24	-53	-34	-32	45	-24	-88	-23	22	42
95	64	-13	55	16	-55	91	-93	44	-69	69	-11	-88	-6	34	12
97	-38	-49	-16	68	43	-64	82	-94	-36	9	6	22	-51	71	18
36	-6	97	-76	65	100	65	82	-34	73	79	27	42	-67	-7	68
-42	28	6	8	-74	35	-4	-33	55	-38	-91	-79	12	85	-80	99
30	92	84	50	64	-27	-51	-3	-19	0	81	-100	-76	-72	-45	-49
-55	25	78	53	63	74	-80	91	90	-70	-31	-18	-71	45	15	-26
39	-73	-28	36	-3	25	-95	92	-69	-14	55	26	-16	-59	-14	-88
-93	39	-19	-21	4	81	-16	69	92	-20	-60	46	-52	36	-20	90
-72	-53	18	4	-31	-52	67	-18	34	30	-55	-16	11	-16	92	-69
-63	2	95	-100	7	-23	48	-47	-7	59	7	9	69	25	-89	-87
-89	75	-17	-64	96	-67	13	77	69	-58	-34	5	-10	-53	48	35
-45	84	-19	14	-8	-14	6	92	69	-38	96	30	-88	-83	16	44
63	-65	63	-78	81	52	-51	-33	-37	-66	76	91	10	77	29	-9
19	56	-73	97	-19	-45	17	37	-68	15	42	82	73	-45	-12	-25
-96	55	29	-48	3	-22	82	-6	8	74	-91	14	99	-15	16	-100
-14	90	-34	-25	26	-98	-44	28	67	21	94	-58	-33	-22	-35	-44
-70	-27	4	62	-14	-72	16	-50	-36	-27	45	99	-65	-24	93	-85
87	-37	-96	36	39	68	92	-1	-64	-33	-3	-48	40	84	37	82
10	21	-34	-32	1	-58	-8	-13	1	66	26	-74	-46	23	12	-60
7	-40	49	-12	-53	-86	59	80	13	-73	-43	45	13	6	-26	25
-38	-68	54	12	-57	4	63	2	-34	80	-12	-75	-19	-34	-2	77
22	-21	-5	17	74	-100	-47	52	72	89	57	-35	20	-19	-57	26
-40	-86	19	-91	80	-41	38	-89	18	-92	78	59	-74	39	96	-21
-3	-34	75	-26	-57	2	10	-61	-29	85	39	-19	-40	76	61	-42
25	92	-55	39	89	51	86	-30	16	-76	87	50	72	-6	-89	-69
94	-24	-76	66	28	-34	67	-16	-68	66	69	77	71	5	-24	-88
53	89	64	85	-63	82	73	58	-43	-22	48	-74	66	87	40	82
-75	-39	11	75	-19	-85	-95	12	68	-12	90	-14	-26	-81	-99	54
-8	-65	-19	-1	84	-8	66	51	9	-7	-49	-49	-65	-99	-61	35
-86	36	-61	19	-9	15	35	48	17	-86	53	-49	95	70	-55	-92
-91	-79	61	69	-46	-48	40	-42	37	-17	95	-26	-92	80	-74	-91
7	-65	72	33	-47	-90	-99	86	-76	-19	-48	-84	-99	59	72	6
48	77	51	95	-9	7	57	67	42	-13	-84	-100	92	-3	-42	-30
-61	-98	11	64	-63	-7	89	-89	58	-38	5	-40	93	9	84	-97
99	70	-62	-22	-77	-82	48	65	7	-23	-50	-97	87	-14	90	75
55	-80	-88	23	56	22	-64	-43	-68	0	-9	76	94	-41	-84	41
56	-36	83	-86	15	-8	-77	49	45	-9	-38	32	-77	94	-5	70
-66	-62	-41	26	-17	10	18	-73	85	3	-90	12	95	-59	-20	19
-98	-46	-36	57	-61	-59	32	-7	-36	-23	-47	-40	36	-83	-5	53
-52	10	73	90	19	-22	36	19	-71	-43	-77	-7	-95	-40	-29	70
68	34	-19	-68	-70	-95	-71	6	-3	-53	-90	-20	14	66	-74	-12
1	-67	-5	84	-76	-97	-95	32	-22	-18	42	-30	36	-86	27	-70
-42	-96	56	-96	13	-81	12	12	59	32	31	45	89	83	5	79
-16	4	66	-1	-21	8	8	-86	47	-96	52	-47	-60	9	58	73
-17	90	-72	28	50	95	-23	55	3	-97	18	43	-5	36	54	-80
25	89	44	94	-37	-48	15	-46	-21	-84	-70	-31	-99	46	15	12
-52	51	-12	-74	96	25	40	-6	10	25	-3	-65	47	3	-44	54
-13	-47	-7	45	54	39	30	-10	35	-5	26	85	81	24	-29	91
-49	-81	78	62	-39	68	-69	73	29	26	-27	77	37	7	-95	53
17	4	-38	55	67	-28	26	-66	-59	19	89	40	83	51	33	-9
39	40	14	-16	-55	30	35	72	-23	-82	91	-65	64	25	47	32
71	-6	2	-36	-9	-64	-12	-15	-45	-60	3	-70	-66	-81	-24	94
-100	76	61	-79	44	54	-37	-48	-32	24	-23	-76	-21	-45	-2	71
14	64	-52	94	-72	-34	18	71	-61	22	-97	39	64	-5	-82	78
3	64	22	-66	-2	13	-87	100	-72	68	63	-84	-32	76	100	-69
28	-8	-34	36	-7	-21	22	-42	70	-80	60	91	3	62	-76	-56
90	-85	61	23	92	70	46	6	-75	-3	8	93	88	7	-69	-96
-99	46	-6	-94	-26	-81	2	-40	39	-96	-41	26	-82	5	66	3
-11	29	-22	19	-72	-80	91	31	64	77	-81	85	-57	43	-10	-87
-93	-17	83	-74	-73	-50	100	-17	60	-88	-53	56	0	-61	-5	99
-16	-57	30	47	-22	-46	54	-84	55	-32	-97	99	-58	87	-31	75
-58	-64	20	34	-13	-41	-63	-5	16	82	34	-96	55	-64	8	28
-38	0	19	-42	39	52	-82	32	-94	-66	-35	92	15	-89	73	16
-46	90	100	6	15	-89	32	36	93	-9	-36	-58	-39	-34	-21	-21
14	2	73	-47	-6	-29	8	24	-94	-65	-4	32	44	80	-18	-89
65	-36	88	-68	-9	-53	97	21	99	-42	10	-25	99	59	53	43
-15	61	-4	-94	77	46	92	-4	-30	-27	90	84	79	9	87	-58
-93	-45	59	85	-75	-40	-17	-20	25	52	-23	98	-85	-49	-54	-58
-8	-56	82	42	38	-52	17	53	8	15	-15	58	-32	75	-1	65
-36	24	45	81	-97	98	77	41	2	-85	-72	74	-94	100	13	11
31	44	96	-36	-74	77	-10	-77	9	19	31	-78	83	-77	-73	21
-100	-71	73	45	-75	-39	-45	76	98	-64	-63	73	-88	-59	-75	51
96	57	-7	93	-43	69	38	-99	-24	70	-41	23	-100	27	-31	12
74	56	-28	77	-100	54	98	86	-56	32	-68	94	-36	100	-60	-7
-71	-69	-62	-81	73	93	-71	59	-59	-61	25	54	-6	15	-70	-80
-73	17	-58	23	48	-96	-80	98	36	82	83	38	-40	88	-54	19
-53	-27	99	83	-82	-24	90	98	28	25	-45	26	-98	-20	43	-39
36	-31	-15	-73	-94	41	7	-52	-94	61	74	76	-50	-100	-68	35
-17	84	-4	-75	31	-10	-78	0	98	68	-46	48	94	-19	-83	-65
-48	-50	-26	25	-40	-60	97	-11	-47	21	10	-10	25	-77	-42	-94
-84	-69	40	86	-61	-84	-86	-17	64	-47	-12	68	4	21	-27	73
-31	1	-79	-1	63	-47	100	6	100	96	-48	-82	-5	-16	30	-63
45	3	-22	-63	46	28	-9	-13	81	14	74	45	23	-32	86	-7
-64	9	-64	34	-86	-22	88	59	15	15	-88	-70	60	92	-41	76
82	73	-76	16	3	-21	100	69	65	-8	21	40	-6	-48	60	-83
-91	-53	-23	-43	87	-23	74	35	20	15	-14	16	-56	-66	94	89
-45	39	60	-71	88	89	-40	-85	82	30	-94	67	86	-43	22	-81
-5	-23	34	69	-16	-95	-12	96	18	-98	-33	40	98	68	-5	55
21	57	81	62	-73	-84	28	-85	31	98	-31	87	-97	-71	37	-23
-46	-25	42	-72	-16	-82	12	41	47	34	37	-16	-60	-99	34	-67
81	25	-12	13	-23	-63	27	-53	-57	-15	-73	-21	-23	82	-25	-59
-45	-38	-74	-21	-95	-53	42	-87	-77	-54	60	71	-9	-31	-23	27
-37	-86	93	97	-49	-46	61	6	15	-58	1	40	53	-82	-29	-47
51	-36	98	-24	-78	49	79	35	-61	65	59	36	16	6	-5	33
68	-94	38	18	-67	69	-45	-32	63	-6	-8	-55	17	90	79	44
-13	96	5	32	-69	-64	-34	-85	-9	-46	20	3	-85	-71	51	15
-34	-81	48	1	30	91	20	36	-87	52	15	-5	-3	-56	-99	-22
-21	26	-70	-19	-48	-81	-17	-100	-13	37	72	-40	76	-87	-97	-44
-97	-53	7	-83	95	72	24	46	2	-86	40	22	-28	-54	6	-85
3	60	-79	-45	-89	-48	69	-57	99	87	-17	58	-94	-24	-70	-77
1	56	-44	-33	44	74	-23	98	35	-19	-26	-33	24	36	1	45
71	21	-10	88	57	98	-50	29	35	-48	97	88	47	15	-4	16
44	66	53	95	74	13	36	52	72	83	-25	-68	60	85	-18	-19
-14	28	-46	33	-93	46	13	14	56	53	19	23	-47	52	-17	89
-73	5	23	99	53	-71	-62	-34	-38	-90	82	43	-23	-94	-78	89
2	65	-27	-97	-77	-60	-48	-44	-48	-63	-76	-58	56	46	-72	-40
-36	19	35	37	0	-5	87	-45	-24	-10	99	-66	-65	-7	-51	96
71	23	43	-10	50	-30	10	32	65	-69	53	61	46	61	71	-4
-8	74	-3	20	14	34	-5	79	1	-45	72	15	-35	25	-31	-92
