28	-86	41	62	-3	73	-18	60	-64	-4	-25	3	34	82	81	20
-24	5	-27	-8	62	37	-92	44	79	-58	42	-44	-66	8	-96	10
-80	7	-81	94	-81	-67	-58	-55	-1	68	-87	21	10	73	-49	40
10	85	-23	-63	33	-28	94	-30	75	61	-59	-65	58	-34	2	-80
19	55	-63	-26	-1	-100	-77	-70	-20	61	66	-86	-76	12	16	-65
-43	74	62	54	99	1	-58	-51	16	-44	-44	-79	-86	-31	52	10
6	-31	-56	-77	-39	52	17	-72	-6	56	9	56	15	-34	-60	-28
-9	30	99	-6	66	21	0	-61	61	-39	25	49	-38	-65	87	23
-44	56	31	28	69	83	22	7	84	1	36	-19	-6	-45	-27	97
82	-80	-71	53	-51	84	-25	4	-24	-40	91	-95	-51	-71	-25	-15
-46	92	3	-11	-6	-11	89	82	-22	83	-3	54	88	-43	87	-1
1	64	26	78	87	12	-5	-38	60	-61	-73	-75	86	-74	65	-56
11	-58	76	80	-18	47	78	77	-38	-30	-7	98	29	-94	9	24
-86	-61	-18	77	46	-23	43	-71	5	-9	-85	59	-47	-30	87	59
-23	-66	9	77	-92	33	-39	54	-23	-95	14	33	26	-73	-66	38
-24	64	-75	86	-11	-65	-74	7	18	46	63	-88	38	71	17	-91
87	-68	-49	-7	-43	-1	23	-54	48	75	-98	21	-25	-64	40	59
27	53	-63	47	-1	79	-6	76	-76	2	29	25	-2	95	89	-89
78	44	12	95	41	-1	3	75	7	11	49	-28	58	99	30	-14
65	-39	-41	-12	34	40	-95	-31	27	-27	-27	-19	-44	-1	85	-2
-56	53	-92	-30	-10	-6	12	23	-71	51	35	2	53	56	90	-99
-12	89	56	38	-48	-60	-55	-64	-9	-13	64	43	-14	88	28	-71
61	44	69	-66	6	-90	31	79	-30	4	-21	20	52	1	40	25
96	73	-7	-21	-21	-4	54	36	-72	-46	-57	-74	77	-68	55	-73
-96	71	-47	-90	-97	18	-98	-88	-2	-97	-39	-77	53	20	-11	54
-59	36	-52	33	19	44	100	39	97	-71	40	-1	-55	14	-59	-54
80	-65	26	-22	24	72	89	-64	54	87	-6	8	87	-51	-38	-36
2	89	-39	-64	50	48	79	19	-86	-21	-81	41	-15	40	-8	24
-58	-47	60	33	-13	-67	-29	-37	60	85	58	-69	-56	-54	-82	56
52	11	34	-58	-21	-35	-18	70	32	53	57	3	-83	-99	68	14
-45	56	20	81	25	21	31	90	61	-26	83	-73	100	33	27	74
51	-62	-14	70	2	-33	95	-74	-50	20	60	-86	74	-78	-86	-81
-27	-58	-62	86	-39	69	34	-9	-67	-26	-19	64	61	91	56	55
19	99	58	-39	-59	28	100	-91	4	85	-12	-9	57	-79	43	78
39	-13	-33	-63	65	-54	96	-14	-2	-66	-30	54	-29	-65	93	-87
-43	-70	-80	-67	11	65	68	-27	-28	8	-72	-72	48	-44	-65	72
36	27	-27	85	-20	-3	-49	-84	84	38	1	-98	40	7	-7	-58
67	-26	-9	71	34	-45	-2	82	-64	99	-36	20	39	6	-79	2
-36	82	-69	29	-22	-91	32	-46	11	-50	-57	85	55	30	-77	-15
90	65	17	27	-58	12	-60	-58	95	-86	0	-44	-13	-21	-23	-49
0	87	7	-94	-53	-74	64	70	57	2	-26	6	-14	-16	85	98
-27	45	43	52	-94	59	76	34	-53	69	-93	-19	-94	30	-44	62
31	-48	8	99	36	-90	-49	20	-47	-33	24	15	-40	-3	-44	-38
-76	-11	-35	-27	-24	-7	5	-14	-20	46	22	66	91	2	12	-26
-67	-61	72	67	49	29	-3	-9	22	-97	-96	-57	-43	-43	100	77
-85	10	41	-60	7	85	3	93	-26	-50	86	-22	21	-84	34	0
15	-26	-96	36	90	-35	63	-63	-82	100	70	65	-31	-44	-31	-5
-2	-31	-14	-10	58	23	16	-86	24	-14	-92	-82	18	-6	-16	-47
52	-23	10	100	-38	-92	83	-67	51	-58	-74	-21	12	-87	42	-55
3	-14	-45	-62	84	-48	-39	79	-79	79	-47	31	-95	-37	51	26
95	-38	2	45	-77	38	92	31	35	68	12	-55	83	66	-3	-32
51	48	-56	41	-86	94	89	24	16	10	-41	-36	-62	-43	18	-87
-35	31	-19	67	67	-77	-69	10	63	-33	38	-18	-81	54	-23	81
81	-37	41	87	-74	-82	40	21	-82	-91	-76	8	4	11	-8	-12
63	76	2	-26	-41	-4	93	-26	89	-19	81	-29	22	68	-14	-14
-22	11	95	31	-88	56	52	10	12	-88	-86	14	-9	62	73	84
-47	97	-82	-50	15	38	62	-56	19	-15	12	-25	-41	-88	79	-63
-95	58	4	-18	-90	43	-15	21	71	93	96	-53	42	-73	72	35
-8	78	80	-76	-76	-40	-15	58	5	67	20	33	-11	89	-67	-60
-82	95	-79	-68	-67	57	-62	84	82	74	-68	83	-90	-69	-23	53
-81	-72	-83	-63	20	-70	-44	-97	54	-59	25	-60	-87	9	-24	-47
-91	-94	-60	33	-31	-3	-68	67	-47	-48	-26	73	-100	-27	90	59
-41	-60	-76	-3	-63	92	16	32	78	34	27	-58	-14	27	-3	-58
-44	-29	94	74	74	-73	-91	-49	77	94	-31	29	-71	-80	15	-60
-70	-87	22	91	35	62	23	-27	-64	-75	82	32	90	41	31	33
-21	86	-73	-16	52	58	-91	-80	-51	56	-91	69	6	21	76	29
-20	-67	32	25	-21	-16	63	-69	-36	-40	-17	-57	-49	81	-20	-10
-11	62	94	-55	-19	20	-13	98	78	48	87	54	52	-85	-11	-63
65	-3	50	-56	41	-6	97	-25	-39	21	-13	-8	-10	-35	-75	-54
-21	30	-50	33	50	55	-90	66	67	23	-22	99	-43	-63	-32	71
12	2	-97	-71	-21	26	-59	25	-31	-37	97	54	30	-44	-75	22
30	40	-9	4	33	-85	-39	-73	36	36	-87	-40	96	-75	-95	8
-28	-83	-2	64	15	-27	50	85	24	-65	28	73	92	96	-96	58
-49	52	-75	72	-98	-27	61	-70	-84	15	-4	-22	-99	-34	33	-58
60	-14	-6	90	44	20	-72	18	52	-100	23	-63	66	-17	-7	-13
58	-17	15	83	26	27	51	66	11	31	-5	8	20	1	64	53
-38	-28	97	-20	85	-60	-95	-31	-62	98	-60	73	-89	3	-52	83
-65	83	-19	-68	35	-64	-89	-23	-34	85	87	96	61	-99	-9	-42
-100	24	43	41	63	-70	-25	-85	97	-2	69	-78	79	97	61	-49
8	-73	-92	-26	45	-1	-23	71	57	43	-84	88	9	-25	36	11
-85	15	71	-71	28	-38	-37	99	-79	23	79	55	24	-30	-35	-87
61	78	-50	48	100	-14	-10	-64	1	11	-21	44	56	30	-75	-12
-23	16	90	61	-57	61	-36	-39	-88	-41	53	80	-5	21	76	-53
-1	32	-35	62	30	-92	-55	34	51	-73	12	83	-7	-4	-35	35
74	-38	11	39	-24	-86	51	1	-75	77	-66	16	31	61	-57	-69
-80	-49	-10	-18	-65	-51	-98	-77	50	-28	15	-60	-2	-58	-81	10
-64	77	24	8	-43	-91	85	93	79	-65	-76	-20	-50	37	-15	18
63	40	-63	-4	34	95	76	1	68	-53	-33	-11	2	55	-14	-55
10	-27	-43	86	19	87	39	-21	92	58	25	-34	-66	16	67	-82
-67	-81	-69	84	52	84	-38	-98	96	79	-28	-62	-3	-89	-79	22
5	23	-94	10	-86	-71	-62	-17	97	70	-91	70	-1	50	-4	23
-76	-96	-9	32	8	-68	28	-82	51	86	69	-4	23	68	-19	47
82	47	86	89	18	77	-72	-56	22	100	82	-78	-60	44	-99	-34
-53	-4	54	-59	67	-11	3	-24	-16	-23	50	-97	-69	-22	-17	80
-76	28	93	68	96	28	-48	75	91	33	-58	55	-97	-4	-33	-100
-99	-84	-8	53	-95	47	88	45	1	-28	82	-74	0	53	98	-36
2	-52	-95	39	94	-80	72	54	-2	-97	58	43	25	-59	-99	51
73	-60	74	-51	-49	90	-66	-45	80	25	77	28	-70	-58	44	-54
-96	-6	-58	-81	-16	-77	-39	-23	-46	84	74	54	-16	14	-8	-75
-39	76	-71	-39	-72	-55	82	-20	91	15	-24	-6	-28	-51	-42	90
100	35	26	4	37	-16	19	-69	54	-74	8	32	5	89	-9	19
-31	-37	80	78	81	61	93	-59	-74	-81	30	10	80	-27	-53	-48
95	64	-92	-53	69	70	77	8	7	-75	20	86	98	66	88	-14
92	73	-91	-44	26	69	-96	96	35	-52	47	63	4	-67	65	-65
-50	-48	59	-10	-40	-65	-98	29	78	49	69	59	27	30	-62	55
-53	79	-21	-27	16	37	10	80	89	9	-21	-20	60	-31	87	-70
35	-80	45	-4	-5	15	-37	94	-43	69	-31	93	73	-80	94	14
-39	-59	38	92	-77	91	-43	93	-82	59	69	-78	54	-92	30	-90
-95	-50	12	73	-88	53	-12	36	100	-62	-87	-54	69	43	-11	15
30	-95	78	-92	-93	12	-6	-11	53	70	-30	33	-10	20	41	-89
-72	27	30	64	40	-41	96	17	-19	7	-23	-49	-31	-13	35	-74
-84	-84	-68	-42	57	14	13	-95	-26	82	-89	-57	49	100	-85	-74
52	-2	3	-13	-14	93	96	52	-59	-7	-76	43	-13	-26	-49	33
-21	-18	-96	-79	43	25	76	-13	9	39	87	89	-1	7	24	82
-9	100	55	-71	54	21	-19	45	-72	-57	-24	-85	-94	-33	36	-33
-13	56	-31	62	-57	-31	34	-24	-41	43	-72	-8	-22	78	87	-67
32	54	-66	-51	65	-67	-14	81	-43	-30	66	-38	65	48	83	68
-28	-66	82	11	45	-55	-15	-56	-97	5	-23	-60	-18	-89	-28	-5
99	-20	-28	27	-44	6	-59	-52	-71	-44	1	-48	-68	-32	94	92
-29	44	-42	50	-72	-73	46	74	95	56	77	-27	-59	-48	-13	-30
63	-4	54	-76	-88	-79	58	-47	36	63	8	7	16	67	28	-55
-51	-90	89	-18	-82	-90	-14	79	-74	64	65	69	41	-90	83	-8
47	-7	-44	6	11	78	-38	-9	77	-76	65	-51	12	-84	72	-47
-4	57	8	77	3	40	-20	-86	21	16	58	-67	37	53	17	-41
70	-45	53	22	-42	-59	-84	42	-55	-90	2	-82	-46	86	92	97
38	-77	33	-9	37	88	52	73	37	-65	80	80	-8	-39	35	-9
-76	-64	71	29	98	-76	90	-41	-42	-35	-1	-60	-37	1	18	74
-28	86	82	-67	10	83	-47	-79	79	70	11	-84	37	91	-8	90
-55	-38	95	-1	7	48	-33	-2	-60	54	-7	-72	-55	26	-21	-84
52	-9	77	33	-23	-91	-2	5	-51	89	-51	68	26	81	-66	76
-100	-90	37	-84	-22	-48	71	-85	4	47	33	53	-19	-69	36	-99
13	-39	-54	-85	-32	-31	80	-36	88	95	-95	19	97	66	1	-97
-40	-43	-99	-71	14	-8	58	-10	50	40	-92	83	30	31	-37	40
53	-22	49	95	89	-91	79	-89	14	-99	40	81	-87	11	28	-94
-8	19	9	6	-98	-55	38	22	-73	-66	40	-67	74	94	-69	-18
-74	31	19	-41	79	54	-80	83	-38	-25	47	83	-17	-35	10	100
67	-54	-97	79	-51	-96	-52	-56	-18	-64	67	6	-21	-52	-80	56
50	-51	-74	-7	46	-35	-97	20	24	-88	-31	18	30	86	23	-93
91	85	-21	-79	-2	93	-80	44	77	18	-10	-40	40	-48	92	39
-99	-53	-3	-36	15	-60	-51	46	-96	50	53	-55	39	-66	61	-26
-84	66	-22	2	-55	-3	9	-81	70	2	18	-85	-25	89	-13	62
-73	-40	44	70	-70	23	-86	72	98	70	-31	-93	-68	-59	-73	-78
-84	-7	70	-72	18	92	51	65	-58	93	-72	-84	95	-81	-2	-39
19	-3	53	-1	33	67	-8	97	-53	-50	18	57	13	-45	-25	76
10	-52	-23	75	52	35	4	-19	90	20	78	-47	10	33	-89	-37
95	-42	65	-54	9	71	-37	14	-29	-45	16	19	60	-59	64	-14
100	-60	17	-45	13	-20	11	-40	-38	46	23	87	69	-91	71	-83
-66	-49	71	-23	67	-62	-23	59	92	-62	-60	23	40	69	30	38
-5	44	-20	-9	-67	31	-34	71	24	38	-96	79	84	53	-2	86
-57	-50	75	-93	52	-73	63	-56	-15	-21	-76	97	-64	-60	-11	-12
-87	92	-54	98	32	-93	19	54	-32	-99	95	-17	-26	13	68	-86
-71	26	70	-6	-7	24	-76	-85	91	76	-73	34	-54	18	49	88
56	-30	-87	-96	-41	-38	96	40	-19	-14	-50	78	-91	61	-49	-26
15	-73	52	-21	-8	32	-75	-53	-31	-82	22	-38	61	-98	71	-52
-21	-86	-58	-62	-62	-61	-40	-100	-98	-61	-28	16	65	-76	100	-32
40	-50	-97	-30	-23	8	75	-24	23	2	-47	-42	65	25	-68	67
48	21	25	-63	-68	23	22	-92	-6	16	-35	42	-75	28	73	45
15	95	3	82	76	-65	72	-66	-99	-35	-29	42	-40	47	57	84
12	-84	80	-48	-75	9	53	100	23	-46	78	64	-63	78	-87	40
-84	-65	26	21	-77	-5	-54	-91	-46	87	47	55	-90	-11	53	-99
56	37	-100	-35	78	-56	34	33	-78	-96	84	77	6	22	44	84
29	37	-70	-61	-99	-65	54	60	-29	14	65	-6	-61	-98	18	-98
-93	76	-62	34	-85	85	-85	49	41	81	66	-1	-73	-83	-14	54
-61	53	-90	75	-16	-92	46	96	4	-34	-3	-34	1	64	-83	-10
4	-46	-53	-31	7	-34	-53	1	-90	-37	-20	96	-28	62	11	28
-57	2	-66	-38	-21	4	20	19	68	10	-82	63	-59	56	8	-69
-3	-94	62	29	-69	-90	-89	19	53	73	-59	2	-5	61	42	-60
-8	75	-11	-50	-25	-80	-29	-32	-91	-38	-6	-59	83	15	66	55
10	-34	1	-34	-68	6	-95	-81	47	33	-38	96	10	85	-100	-2
-42	-44	91	63	-17	39	-51	64	-75	6	-27	69	28	65	-35	-38
37	80	67	18	-49	28	41	-32	-59	-17	97	-31	-60	7	90	-60
95	94	-2	23	-43	-32	-7	-89	80	-6	90	-75	96	-14	-33	-15
-78	84	0	10	-94	-6	-91	-93	-81	-89	-95	93	-83	-18	33	79
52	-22	43	11	5	4	-42	-63	72	-5	26	-60	8	-1	-60	63
69	60	-20	-99	59	-5	88	-25	-82	19	67	-85	6	-71	-51	21
-50	-71	-16	-47	16	-84	-4	-15	-32	83	-50	-39	45	65	-74	-45
-42	-49	84	12	75	74	-68	-92	-67	25	-34	-79	90	14	-55	14
-37	-60	65	-65	-78	46	-60	-40	-81	45	-2	91	61	-19	-81	-74
82	-3	-43	-96	11	-6	17	-40	-58	-85	85	-39	13	41	-2	-36
80	9	98	86	90	-7	14	40	-5	77	-79	-1	-61	20	38	40
4	-34	-86	-10	-84	53	-80	36	72	-50	-58	-92	70	100	15	6
-12	34	-10	2	-91	-62	-14	67	-79	-52	-81	72	51	-11	-95	84
-26	-42	-17	26	-90	-51	13	-82	63	-87	68	-2	-55	80	-89	61
-3	32	91	-76	-64	48	-55	17	35	45	33	24	28	-6	2	45
85	-20	4	79	-71	-46	26	-41	97	43	18	46	-69	87	54	80
-61	-89	-41	62	1	-23	-91	-5	-47	-75	-58	-100	34	42	51	-87
23	94	21	30	-22	6	52	11	-24	91	-81	20	-27	-45	60	-8
50	86	34	-59	86	66	51	-33	46	-91	-85	-29	-65	-67	3	-40
-27	-94	-40	48	-21	95	21	-70	82	98	27	-6	9	77	-34	-16
-4	34	2	78	75	88	52	-77	40	-39	-33	-93	-93	36	-10	-22
24	86	-76	91	-40	90	57	78	-3	99	64	2	-58	90	72	53
56	44	15	-38	35	-34	65	70	-48	-84	52	-86	-25	76	85	-83
23	48	3	-7	-65	35	24	0	99	10	-72	-41	20	65	-62	-27
-54	35	-32	-14	77	75	36	-81	-6	3	-75	-100	-23	16	-59	-93
-57	2	-41	-52	-24	13	-3	17	-46	9	-99	64	42	86	63	59
-58	-14	-73	60	-85	-67	9	-80	79	20	12	-42	-81	29	-75	54
18	-41	-6	78	46	-8	-26	82	-100	-100	80	-76	-99	-56	-46	75
-62	64	-15	-29	35	86	65	100	60	3	79	-70	-93	-4	-53	-64
90	-25	15	-85	74	-9	71	-53	-97	28	0	75	-73	-73	-79	1
38	49	-20	-65	-85	42	82	50	-60	-1	66	4	24	12	-57	-73
34	24	-11	31	50	-44	-32	-61	-8	-100	-91	33	65	76	31	-63
-57	-82	-53	-6	55	32	-31	-96	-38	31	-24	-82	46	-89	62	31
-52	-17	-10	-78	88	-15	-75	33	38	-80	46	-3	24	40	-17	-68
-43	51	2	-86	18	-12	50	-46	42	-23	-43	-2	9	-78	-81	-4
94	-90	64	-27	-16	-25	-55	89	32	39	-94	-52	88	74	68	33
-13	65	48	6	-65	-6	-9	-95	79	9	16	-94	4	64	10	66
-6	-23	65	-67	60	86	5	18	-80	7	79	42	73	-76	38	-83
25	76	57	14	-49	-99	78	-15	-38	48	-36	74	59	88	-49	-86
-69	94	38	-50	-53	-45	26	35	47	29	-52	62	73	-95	57	-96
-69	43	15	66	-98	-98	87	-79	-59	6	-30	-22	-32	-84	81	-73
-52	-55	19	57	-82	90	-12	15	-35	-35	95	-25	92	85	-55	-18
-85	-84	-14	-98	-36	59	21	-51	-38	72	-51	-63	24	-83	-39	31
70	4	-44	-99	83	-54	44	-11	-27	-17	-90	-44	94	4	15	6
86	92	93	-12	39	11	58	56	-5	91	-98	-78	12	68	80	-74
9	80	-23	-53	-52	91	28	31	-22	-68	81	-43	65	-42	4	-27
29	-26	37	27	0	39	24	-53	-32	56	0	-35	-77	-10	46	13
22	-62	88	42	44	-92	4	-27	57	55	-69	-52	-97	38	12	62
86	-80	84	56	-54	-40	57	75	2	82	23	97	87	-92	78	23
-78	-99	45	-67	27	-29	48	-68	19	-38	48	-64	-88	-19	93	51
-44	-59	4	-91	86	73	-75	35	51	-11	-51	16	62	-8	69	56
86	-56	17	17	73	8	50	46	3	84	47	-68	-9	6	-98	-56
-3	-81	73	-1	33	-100	3	46	-32	64	-25	71	54	-19	84	29
68	24	55	68	-12	-8	-3	-38	75	44	-95	-64	39	-83	49	69
93	-58	-84	-100	89	-2	-19	-79	-90	42	12	52	80	6	-21	-77
-92	62	63	99	43	66	-69	-15	-14	54	59	-49	73	49	43	-62
-79	23	70	-79	-58	-45	-20	42	56	-99	82	-71	37	-16	71	89
66	16	-70	-73	-53	-20	-8	5	-78	-33	-75	96	52	-88	93	64
-77	-61	2	77	-8	-39	49	-13	-64	7	-78	48	-15	-31	47	-32
-58	39	-35	8	77	-53	-10	-75	71	-98	29	37	47	71	-59	-66
9	-61	20	-58	61	27	-24	56	45	-37	-83	-51	-73	53	6	75
-30	-81	-75	-63	63	-64	4	-22	99	71	67	-40	97	-61	68	-69
-55	56	-81	-12	-21	64	5	2	-85	25	54	60	93	-32	100	69
73	-29	-43	55	75	-66	-77	-55	50	-65	-91	-27	-74	76	-50	58
-9	9	25	-94	-2	-95	81	-89	-77	62	-61	29	74	-56	-50	-32
52	92	-33	-68	62	-38	-81	22	-8	-50	-8	-69	-51	-72	59	92
19	-79	38	7	-89	44	-91	-40	49	-1	-24	-16	-36	-96	67	-8
45	69	15	28	-15	0	96	61	65	-27	-85	-46	81	-77	-64	-96
-25	-45	22	73	-7	56	-51	8	69	14	79	42	-93	-82	63	90
-23	44	-43	58	-97	29	-88	-12	90	18	-36	98	62	66	16	-36
-66	-12	71	-18	-31	76	-32	9	-71	-85	-63	-31	36	-81	78	50
-95	-39	-15	-54	22	-4	21	-77	68	-23	28	52	-27	-17	-63	3
-99	-96	-31	72	75	-86	-22	-2	-73	70	90	56	-71	-94	-54	51
37	-34	56	-28	53	-90	-40	-37	-4	35	-34	-35	-21	71	9	23
34	65	89	74	-85	60	-22	-34	27	-9	-23	-26	-44	-92	-15	-43
-50	76	-26	22	-96	-98	-45	-8	50	9	98	73	-66	7	97	-25
71	97	-40	43	51	-97	55	-20	-90	98	16	-3	-51	55	-100	37
-44	42	23	67	-31	86	56	36	72	-81	18	65	-99	-21	-13	56
39	65	72	57	-29	64	-53	60	11	44	4	-83	69	23	-91	28
38	59	-19	-99	84	-63	-56	-81	5	5	67	1	79	-35	92	-52
-83	-48	9	10	61	-47	-2	-85	-28	34	8	53	-94	7	62	-88
-24	-85	-18	-41	54	65	-71	-79	-89	-18	74	-78	-50	51	-63	-67
-31	-83	89	56	-26	-26	-56	78	-9	61	18	-39	80	15	-5	-76
-97	67	54	-46	-4	29	-58	-20	-90	-96	-89	55	-66	70	56	-93
-19	-54	81	-56	-87	45	76	74	-15	-77	62	-65	-11	-25	-74	36
36	22	64	-10	61	-80	-83	-14	-36	-95	84	65	-84	40	32	-64
35	46	-25	44	65	-51	62	-93	57	-82	20	-65	-9	66	53	39
73	-83	85	-47	7	37	-50	-50	-3	-87	50	-54	-7	76	51	-27
0	10	-35	-59	-16	94	-12	-78	82	61	-19	80	-74	2	55	4
-28	70	53	1	-18	56	35	-49	8	-72	-77	-67	39	-13	55	-75
-89	-24	-47	69	-9	-46	-84	56	-64	-55	-81	40	81	-100	-6	21
75	17	57	73	-18	-14	4	-62	-95	68	-8	-36	-25	33	86	-28
31	-57	99	-51	-81	18	-61	66	71	-48	39	70	32	-78	-89	50
53	-85	-90	73	19	-30	-50	41	-85	27	-47	-40	72	-31	68	-24
-29	65	84	16	-18	-76	-6	92	34	-45	98	-77	-75	-48	45	47
-14	-62	-71	59	-60	41	74	-53	-59	42	-31	-46	96	-86	43	41
98	75	94	-21	-59	94	87	4	-18	-41	95	32	-66	-53	-63	-18
-15	-84	90	73	-67	40	14	-97	68	-64	-52	51	-95	67	-91	53
68	92	0	-85	29	-94	72	-65	-85	-74	39	52	-76	-24	-68	-40
-80	-99	-23	-65	-38	-10	68	65	-87	76	-31	67	-82	-46	-69	52
-85	64	-57	-77	-74	-28	-7	12	13	53	-25	85	34	-73	-38	-33
1	39	-47	57	-98	98	9	-23	67	88	-6	-29	-18	-79	-31	53
25	-89	7	16	-22	-61	56	-98	75	46	-30	49	-64	21	62	79
19	-99	46	-10	40	-18	63	88	86	-67	17	20	-32	46	79	10
-77	-94	7	-84	49	-44	-7	-70	-87	80	-28	-63	-54	87	60	-60
14	10	82	61	-47	15	-24	-28	-12	8	25	84	-92	30	79	-96
78	-67	58	-20	-52	-23	99	-70	-72	14	19	24	40	-23	61	-29
-43	-38	-59	-18	-78	78	-14	-70	100	72	91	52	-89	52	-73	68
-53	28	-40	97	-16	64	-11	-40	-10	-44	-47	-27	73	43	89	-27
39	63	80	-67	-15	-20	-6	-95	-85	-18	100	-48	76	40	-61	93
-93	97	-20	-81	-53	-98	84	97	-39	-22	12	-43	99	-63	-69	3
44	-59	85	-53	47	92	-28	-24	-20	-18	74	-49	-16	93	-52	-29
-27	-12	61	63	98	98	68	-43	-95	55	-23	59	-30	48	-60	-89
72	57	-30	88	11	-25	-60	-67	87	-14	-97	86	26	-17	-16	-51
-2	-88	-95	-88	3	18	95	68	34	65	59	91	-26	-27	-74	44
19	88	31	6	-6	30	-3	-75	78	48	74	-45	-27	-93	88	-7
-18	69	-86	57	81	47	-6	98	0	24	70	-81	-25	96	98	91
-17	66	24	-39	-96	55	-84	-7	-94	69	46	-71	-34	-55	-7	59
3	98	46	17	-47	-34	-93	82	-44	-10	65	-82	-52	66	34	-23
-9	-26	73	-8	-50	19	43	23	9	44	-64	94	45	-10	-5	0
-89	38	0	70	-16	32	8	11	51	-68	29	-11	65	-13	14	-94
-66	-53	0	58	-38	-88	25	-84	17	-29	-78	58	-59	-53	-46	-85
-14	48	66	47	-17	75	-70	-73	-10	-48	69	74	30	93	-48	33
100	-92	37	89	-34	22	-10	-1	24	60	86	84	97	72	83	21
-19	-89	-61	15	-29	76	71	-70	-24	10	43	-92	37	95	54	-31
-84	25	-98	72	-13	5	-26	34	-49	-20	25	-65	-7	35	-31	-97
39	24	-98	-32	27	-76	-21	0	16	-81	16	-23	82	-46	67	71
29	-83	-43	20	-19	77	-38	66	-37	2	-7	-79	-67	62	57	31
73	10	56	73	10	11	-27	88	41	27	-19	-22	88	-46	96	-72
11	96	-12	-2	-92	-83	-7	18	-98	26	-84	-22	-82	28	33	40
-81	43	-85	-96	-80	-60	58	-30	-63	7	80	34	94	82	-89	-73
-13	-95	-77	-35	41	31	-25	3	61	-94	77	-19	45	-83	-16	91
-22	-8	93	-96	2	39	55	75	-47	-16	97	-22	-76	-90	-71	-69
59	71	-24	-64	-26	31	-98	-36	84	-59	22	23	-31	29	30	63
58	13	73	99	-22	-74	-49	47	41	-12	29	-9	-62	46	-13	100
31	-49	47	36	-8	-45	73	50	-18	65	11	-2	-27	83	72	76
-12	34	-16	-32	66	-87	56	41	50	-76	80	-89	85	-50	-84	86
60	63	-57	-14	62	-11	-86	-91	-97	36	-20	-9	99	-26	-57	-81
20	34	-15	-49	48	23	-97	43	-3	28	-78	39	30	-41	-49	-45
68	-76	-54	51	76	70	-68	-97	-36	-60	-37	15	-39	5	-16	-91
-65	38	-44	-9	24	67	68	29	80	-26	72	7	-11	13	98	97
-18	89	26	-29	81	11	-39	36	-31	37	59	38	-30	-6	-86	35
-70	53	5	43	-45	60	34	-32	73	-26	-91	-79	83	1	19	-25
7	-2	-44	88	87	63	15	-99	-40	85	50	-98	45	8	-65	-58
-22	-97	26	85	1	-44	-1	23	-24	-71	-66	14	-22	-93	-47	-29
56	-58	30	-59	-74	20	98	-29	36	69	41	51	59	-2	63	79
53	-16	-6	-34	-27	-6	25	-48	96	-66	-100	-2	-77	-1	2	-5
24	14	25	-75	-41	-70	1	39	-24	-15	13	-18	41	-79	-92	-54
8	-39	-74	-71	22	-35	33	-41	19	-98	44	18	-84	-67	-24	-25
67	-31	10	54	86	22	-52	-96	88	90	-47	74	7	-79	-39	-84
17	54	43	13	-18	62	-8	-22	42	-56	16	-49	-11	49	99	-6
92	33	-15	65	22	0	-80	-51	-47	-93	70	-72	-98	12	-19	86
-5	-16	-96	14	3	99	-57	89	42	-40	-23	-56	-54	-65	-82	-41
37	-69	-22	49	64	-83	-100	80	-98	-41	-13	-45	-91	-44	-66	-86
-33	23	-12	57	-11	-1	64	-22	-89	-17	27	78	65	77	49	20
90	-87	-3	-29	77	65	-15	34	91	81	-33	-21	30	-51	-64	-34
-60	-36	19	55	-77	-95	39	75	19	-96	-68	-4	-12	-16	30	-83
55	23	57	-20	-23	56	21	-62	97	-44	-46	0	100	-50	81	-55
-79	-68	78	-47	9	76	-29	-31	27	91	-14	-8	31	-80	79	-14
-17	-41	70	-63	48	89	18	15	-22	-2	26	93	85	-64	8	-4
-8	-62	32	-29	77	14	-35	-2	12	-93	-1	-81	13	43	56	73
17	-73	69	-68	-49	8	100	-95	87	14	63	66	-50	-39	-25	-69
-37	6	83	-73	24	18	-52	-27	15	22	74	-92	-94	33	18	49
-66	-100	-90	-88	-30	42	83	-31	-50	-64	-99	-19	22	35	-48	-20
94	83	61	-64	-77	37	96	12	-91	-15	-22	74	83	49	36	0
-47	-2	88	-59	43	-39	13	59	55	-79	-19	39	-100	-33	37	45
8	33	-29	-98	-1	10	20	41	82	90	23	95	-73	-56	50	-91
-13	-90	55	2	71	-32	-91	-85	-1	-78	75	-50	-33	-75	88	-52
-14	-100	-5	49	-69	-45	2	80	-69	-51	2	-39	-65	30	-83	-93
71	-13	-58	-67	30	-18	-25	-75	-8	-59	-61	-69	23	33	-49	26
73	78	-48	1	2	37	60	86	-97	-71	32	43	-87	-72	-72	-57
-95	-34	79	58	94	-68	-48	71	94	32	47	22	-50	-5	-91	-70
83	47	-46	63	-94	-45	84	55	21	-7	79	55	-4	70	-9	-28
-41	-28	31	94	-24	20	-78	-38	76	-36	53	16	90	-63	-21	98
88	64	76	-25	-53	60	-80	-91	-86	-58	-30	82	-13	-60	19	-79
99	8	-25	68	79	11	14	40	-82	17	20	-20	-24	49	-26	-45
-7	-34	-100	88	81	-29	26	99	-6	-8	17	44	-29	-1	-63	99
81	-8	89	-2	-61	38	57	-70	21	29	47	72	72	89	-48	-22
45	35	61	-68	73	7	72	-88	-62	49	-32	-78	-84	15	-80	-51
56	94	-82	-17	-33	13	58	92	-12	-1	84	85	-6	-2	34	31
57	-90	-9	-92	82	-35	-50	-47	-11	30	71	71	54	-80	-31	29
91	66	35	-41	84	-67	66	-79	27	54	-81	-71	-49	70	0	-31
-88	-48	-46	-40	85	93	10	28	-62	54	-17	53	24	11	-91	-31
6	-82	78	4	-10	-97	100	-95	51	-18	80	-19	-89	-35	21	71
49	62	-5	67	0	-96	-74	-13	-87	-11	-9	-53	13	2	49	39
-69	-24	87	95	45	-64	-96	-18	33	-74	-83	35	36	-29	-13	-27
-39	-14	38	-75	44	-50	-1	94	-45	-17	-65	7	-54	-11	-45	2
87	88	36	75	45	-57	-53	48	-48	-11	-25	7	45	-96	48	20
98	19	-1	-23	-3	20	-35	45	56	54	38	20	21	-77	5	-8
23	84	-56	-6	23	-40	12	35	38	-14	33	89	32	-14	-34	-15
62	-20	-60	0	26	30	-65	96	24	-74	42	-6	-25	25	-3	-71
-48	64	-88	93	-4	96	-33	-32	-21	54	56	-84	-76	64	67	64
48	99	29	-49	-89	-92	-80	-89	80	92	77	73	-26	-100	36	53
85	93	-40	19	44	35	-7	-74	-86	-45	42	97	34	-4	53	-29
-81	-82	43	-24	74	7	-33	2	-24	-50	-49	-89	-18	-67	-31	84
92	-6	42	-64	64	-86	-57	94	-67	70	-61	75	9	57	30	66
-4	-90	64	-85	84	79	64	-45	2	32	-41	-73	14	13	82	57
-7	-67	-90	-14	37	-41	80	-2	-19	62	-29	-49	-30	6	17	1
-29	32	72	-25	-55	-42	56	-85	-58	31	69	-56	46	-56	33	-46
23	83	75	-50	62	-19	28	-49	59	-37	-59	-68	53	-3	7	1
-81	-43	-53	24	78	43	-98	-98	-48	-67	-4	88	66	47	-81	38
87	-73	20	-42	-63	-82	-21	-13	-44	23	-50	51	-91	27	96	-61
-48	30	52	-54	64	-85	100	-10	-82	98	5	70	44	54	-8	44
10	-24	-70	97	-54	58	75	21	-15	-17	-52	-14	70	-71	-93	36
-98	26	7	42	-57	27	-52	37	93	-40	8	-81	-41	63	77	66
93	-58	46	44	-85	42	35	98	91	-57	26	-86	-79	31	-94	-30
56	-71	12	52	69	98	36	-26	-61	-90	80	-88	43	81	-32	-76
-12	-38	-47	-98	-82	94	57	43	98	48	-57	-97	-20	73	-72	-40
-67	-64	64	41	-15	62	22	41	-53	92	0	-77	-82	32	14	4
-22	-43	5	-80	90	-26	-41	16	-98	10	36	76	-69	-8	47	-69
55	23	70	36	-2	18	-67	100	48	-75	76	97	-91	-23	95	-58
-84	93	-88	-57	83	-11	-10	-63	-55	-94	76	93	31	-35	29	-92
-98	-91	50	12	-67	39	65	94	-50	-71	68	-53	-92	-73	-14	43
28	-26	-59	72	47	-23	93	-20	-12	-93	-44	64	72	67	-80	-46
-66	37	-72	62	-70	-73	83	-36	64	46	-44	-69	11	12	32	70
-57	-90	-77	86	20	-33	71	69	-64	44	62	32	69	-64	-56	34
-9	-35	-7	-37	10	42	-41	-7	58	-45	41	17	83	41	-95	81
6	-26	84	29	72	3	-66	98	-32	61	-45	-45	35	96	-56	88
52	94	-82	-70	6	94	-53	-79	-15	3	-55	75	-75	54	-79	-62
71	-22	-75	-28	100	0	68	55	91	49	81	5	-60	-47	40	-94
-54	19	38	-14	-88	65	2	-6	34	87	46	79	-53	17	-78	-27
-31	5	24	48	0	-81	-13	61	-67	72	10	64	-49	-87	69	83
78	17	50	-81	-6	32	-69	-71	-3	24	-54	-27	-97	-18	-91	46
-63	14	77	-13	1	-34	-85	-46	-89	-31	-62	-68	68	79	-94	16
-11	-89	98	-87	94	57	22	15	44	-86	-56	75	-84	13	-60	-9
45	54	27	35	50	81	33	72	36	47	96	-97	26	2	-11	10
70	-26	-5	31	-50	-52	-85	-56	75	-57	81	-85	33	70	-67	90
10	-6	81	39	83	23	50	-77	-42	15	-19	77	37	-99	-69	17
-62	-20	90	-33	66	-97	-3	4	17	-29	5	94	4	73	85	-13
-76	11	66	-29	4	26	-83	-45	74	-99	30	-27	29	56	-78	44
-30	9	-44	95	-22	-91	62	-53	48	4	-21	-4	61	32	16	52
-1	-31	66	-51	-15	-55	89	-19	9	-4	-39	-66	52	75	-41	-44
-93	-57	35	-63	-20	68	16	97	42	24	82	-83	-22	-88	99	55
89	3	-58	45	7	89	64	64	36	-94	-18	95	96	49	-91	88
-22	22	-39	85	72	40	10	-30	-75	-94	-42	42	-75	79	-18	-4
-78	-15	29	2	27	-27	-97	49	-5	-8	-44	27	-1	-79	26	-82
86	-84	-29	98	-33	-74	-40	84	-70	24	-91	-95	-11	-49	37	21
12	-97	90	-33	-91	-57	65	-75	38	-28	24	-50	-30	63	-26	-73
-27	-93	-50	74	-43	-92	0	-81	-15	85	56	55	61	12	-46	-88
33	-64	17	37	1	-96	-60	-28	-80	-63	58	-60	49	-34	74	-55
-4	41	83	-81	-52	54	81	53	19	6	-90	-20	-11	23	-79	-8
-70	36	-90	-4	17	16	87	4	-95	-49	-30	-48	60	62	61	64
9	-40	-52	-23	24	90	-87	-61	-38	-75	-33	-39	-15	28	46	-86
-64	43	100	41	73	-62	-33	-22	61	96	55	35	48	-58	-51	-21
97	-99	56	-85	99	97	-90	-81	51	90	-5	-87	-37	-91	-80	83
19	-79	-86	36	26	98	75	-8	54	68	58	-4	29	89	35	-81
14	-95	-9	-70	1	-17	-91	-99	47	22	100	-29	94	-31	14	-53
-91	-92	-2	-71	24	60	-69	64	54	11	75	-81	-76	25	-94	-71
-90	36	-51	-48	-2	-84	28	-89	-27	-54	-55	-11	-47	-73	32	-17
-50	-8	40	42	-26	-39	26	-3	-84	-71	-21	-88	2	97	3	-1
90	-92	-65	-89	-50	87	-41	-74	-8	-59	-69	8	-67	-97	-87	-76
-30	95	53	33	65	44	3	56	96	81	-15	27	-8	94	-11	-30
-52	8	40	-55	96	44	84	38	56	-90	80	79	-12	-44	-42	-38
54	-47	-75	8	-100	-93	79	-19	-39	-57	38	-93	-98	99	90	39
-91	-87	-100	-68	74	36	79	44	80	-97	-42	40	14	72	-35	-57
-47	73	-92	37	12	-45	71	-53	-47	94	12	-35	-36	-19	-76	-62
-76	94	-10	-24	63	52	-83	21	-95	-26	69	33	74	-81	-52	-25
34	82	-50	79	-46	95	-86	40	-46	65	-54	-53	-85	-49	36	97
46	-38	-11	-47	67	-26	64	-24	-86	-46	47	6	97	-69	53	-76
-92	-91	89	44	10	92	-66	38	50	-81	42	-30	-28	97	13	13
-1	35	17	59	98	85	-14	-43	62	78	92	-70	-44	91	-67	-42
-5	79	72	-85	-80	-61	76	-4	-84	11	-80	54	-93	47	72	-97
-21	47	-15	-61	51	-19	67	45	-31	8	73	-21	-66	-99	-11	-5
51	30	29	41	69	-21	18	-43	35	18	-97	81	9	-5	55	-97
83	-44	-16	22	-7	-10	-95	57	-82	92	-72	78	76	64	-13	32
-93	50	11	48	-19	-48	-18	100	-28	81	88	75	-10	-94	53	28
31	-20	-16	-74	41	-39	-53	20	-79	68	-11	-51	61	14	-79	81
94	-85	-62	-1	-42	91	47	100	42	82	10	29	-28	36	22	-83
30	4	77	-29	-6	94	23	29	-89	62	44	-85	12	-51	52	14
-86	72	8	31	-82	-30	98	-35	34	-82	59	28	-41	-87	-71	50
-86	-5	-43	100	-79	-16	47	-46	-30	-16	62	-13	-45	74	-93	-33
-62	46	52	95	86	-87	-28	55	100	-62	25	-8	61	8	44	-24
49	51	53	-11	-10	70	-85	34	-9	-4	0	-50	-4	-42	28	61
99	-41	25	-97	6	7	-15	-24	5	36	32	-25	72	-29	8	-24
20	86	80	68	76	-98	-5	-91	47	19	-57	4	72	-36	-45	0
-46	100	-35	-97	10	-25	-26	79	-82	18	60	3	34	-80	-16	96
8	-81	93	-38	29	15	75	-80	17	36	-8	-35	-84	25	85	49
53	-12	-4	-56	18	81	39	49	30	73	9	29	12	22	-25	22
97	60	-21	-1	-91	-95	63	-71	-86	25	78	88	46	52	-27	-85
-38	-62	13	30	-60	77	-18	-39	1	-55	42	-57	64	-64	83	-89
53	-78	29	-51	-3	-72	94	-64	-28	-64	-93	-77	83	-15	-82	-76
-85	-35	71	-53	-80	15	-88	77	69	-21	-11	87	-7	63	-94	-99
67	27	-11	-84	-98	40	-11	26	6	-73	34	61	-15	61	90	-29
16	-87	68	99	-44	13	-73	-47	-23	-67	-34	2	-77	26	-73	-52
100	29	-3	100	82	53	-75	24	-55	89	-94	78	-68	36	47	47
79	77	59	93	-40	-14	39	-100	-37	80	-80	78	-33	-69	54	75
-34	99	78	51	-69	-71	-30	-56	44	85	58	-89	-23	-11	-12	-72
-12	-15	-90	14	77	41	76	38	-41	23	50	35	-90	-36	39	56
-93	35	-48	76	-35	-66	-5	-58	-91	-75	36	-93	-65	0	-44	-11
79	77	-47	-46	8	70	36	-22	-68	-67	20	90	76	8	87	-59
4	35	-98	76	-32	-24	97	-25	27	-31	-17	-7	-17	-91	-12	-41
-42	-34	-66	-9	54	-81	16	23	-96	-17	-67	14	-97	-6	72	55
-5	-32	0	-93	-55	5	31	-73	-25	-83	-43	-63	-25	24	46	-97
84	-39	-44	-43	1	-1	-92	-32	-27	36	-67	15	-91	-41	55	77
-89	77	-41	-99	5	63	-74	-42	71	37	60	47	91	-41	17	66
56	-95	-32	-25	-23	-45	90	-13	69	-74	-61	23	94	-58	90	-1
-49	-10	92	36	82	67	66	60	-74	67	17	58	43	-46	-5	-88
58	41	-82	74	88	-47	81	-74	41	50	71	2	45	55	2	-92
7	16	-45	59	100	-33	54	-38	-85	-74	89	58	-2	32	67	46
-70	12	66	88	-83	100	81	-94	-62	76	64	96	9	93	92	-41
35	40	-93	-61	-58	-70	-49	2	66	-26	1	45	39	-3	92	-36
-11	-44	5	-62	61	-59	-36	53	49	61	85	45	66	99	71	95
-45	-51	-48	40	-18	8	-13	73	-11	40	62	24	-65	73	-61	11
56	-55	69	-71	95	60	-26	-57	-63	-1	-63	-2	57	72	92	82
-10	-85	2	99	-32	-63	-64	17	29	39	25	66	-8	44	-9	-62
-16	56	2	-86	59	65	-68	-85	-3	-84	-66	-24	37	-24	-62	-47
-96	67	76	83	-35	-13	74	44	14	-48	48	-27	80	25	-61	-15
-99	19	-59	-3	74	7	-11	16	-63	-36	-10	45	-86	-71	-95	-44
45	-55	-31	-21	-69	76	69	-49	17	99	93	13	44	98	58	10
12	-87	-80	59	-70	-60	-36	16	93	-20	25	-94	-13	14	54	-62
23	-79	69	-35	76	37	-54	39	-39	-77	83	-85	-79	-41	31	-36
82	7	-53	55	-10	-85	20	-94	83	-37	-51	46	40	34	31	41
75	38	25	-62	-89	-75	7	50	91	81	-65	-86	53	57	44	95
-29	7	44	49	25	-81	-46	-10	73	-72	6	21	54	87	-9	66
-72	25	68	-29	11	93	-65	-57	-96	64	1	-6	17	-40	-27	1
-93	81	-67	8	54	56	-77	11	78	-13	76	89	-31	-30	-10	32
48	30	-8	67	-76	-11	86	-39	73	24	-20	-48	28	-7	-63	-24
36	-77	-38	-63	-49	-59	-25	-21	-25	47	-42	53	50	-23	-48	-20
20	55	19	42	-73	5	71	-46	50	-38	-58	-73	4	78	41	27
-67	5	24	0	4	-3	-44	59	-38	-37	22	48	-43	-86	-79	4
-27	-81	1	-26	-88	-80	82	15	19	39	36	2	-86	88	2	43
100	-36	81	-12	4	78	-10	36	8	-45	-3	68	-84	47	18	30
-81	-14	83	61	99	58	-42	-19	68	11	26	-76	92	84	-67	-99
-11	-74	83	-39	51	-33	-6	-85	86	-72	-10	-100	28	-24	-21	-58
99	-35	97	-81	33	-84	-63	18	70	-78	-83	-54	46	79	-83	78
-35	-5	-84	-83	52	-100	7	34	5	11	36	94	64	90	68	10
-69	-5	2	18	-28	86	95	-79	48	-42	42	96	9	-17	27	-55
-50	51	-21	-46	-79	54	8	-94	-24	-70	85	60	4	9	97	-95
-96	-49	2	-10	64	-81	82	-69	50	-52	2	16	46	69	-57	-80
68	-22	-55	31	38	1	-98	25	100	24	-18	-32	-9	-95	95	90
-48	-7	98	-80	98	-90	34	75	-23	26	73	4	79	-38	96	73
-17	61	19	-88	-58	-62	80	-84	29	60	71	34	40	-89	66	37
91	24	-39	23	-48	-45	43	-32	37	-18	-52	97	87	-3	-39	-67
86	37	-72	-37	30	22	91	95	-50	-42	94	-22	-71	68	54	-16
45	9	19	84	-22	-18	-63	8	65	96	27	-38	-16	-4	-50	48
-61	74	-8	-72	35	23	-30	94	-80	77	63	-2	77	-42	-40	-29
74	-53	-90	-54	-94	55	24	95	-78	-18	91	-89	-63	56	59	-23
-58	9	43	9	-32	-51	38	-53	66	-3	11	-75	61	-75	-12	43
-3	-25	-21	-65	10	-97	-34	77	-90	-3	15	-54	-34	-40	95	71
17	86	78	61	-46	20	-35	59	-90	-17	13	48	86	89	1	40
-41	50	52	0	-48	-91	9	58	98	-7	26	-22	94	64	39	-69
